#BASIS SET
Ag 3-21G
  9
  1  0  0  3  1
       11190.7800000000     0.0614950000
       1695.0770000000     0.3684050000
        372.6752000000     0.6893250000
  1  0  1  3  2
        504.6162000000    -0.1126580000     0.1514800000
        109.8718000000     0.0840280000     0.6065140000
         35.2951300000     0.9692340000     0.4018300000
  1  0  1  3  2
         31.5687700000    -1.4220280000    -1.6733660000
         28.3439700000     1.2340980000     2.0189760000
          5.9451270000     1.0556830000     0.7126890000
  1  0  1  3  2
          5.8002560000    -0.4196170000     0.0143040000
          2.1272560000     0.4843500000     0.5071940000
          0.7935510000     0.7952030000     0.5539740000
  1  0  1  2  2
          0.9285440000    -0.2523000000    -0.0014810000
          0.0972550000     1.0873920000     1.0003880000
  1  0  1  1  2
          0.0349330000     1.0000000000     1.0000000000
#
#BASIS SET
Al 3-21G
  4
  1  0  0  3  1
        775.7370000000     0.0668347000
        116.9520000000     0.3890610000
         25.3326000000     0.6694680000
  1  0  1  3  2
         29.4796000000    -0.1079020000     0.1175740000
          6.6331400000     0.1462450000     0.4611740000
          1.7267500000     0.9237300000     0.6055350000
  1  0  1  2  2
          0.9461600000    -0.3203270000     0.0519383000
          0.2025060000     1.1841200000     0.9726600000
  1  0  1  1  2
          0.0639088000     1.0000000000     1.0000000000
#
#BASIS SET
Ar 3-21G
  4
  1  0  0  3  1
       1553.7100000000     0.0641707000
        234.6780000000     0.3787970000
         51.0121000000     0.6797520000
  1  0  1  3  2
         70.0453000000    -0.0974661000     0.1076190000
         16.1473000000     0.0390569000     0.4595760000
          4.5349200000     0.9999160000     0.6000410000
  1  0  1  2  2
          1.5420900000    -0.1768660000     0.2556870000
          0.6072670000     1.1469000000     0.7898420000
  1  0  1  1  2
          0.1953730000     1.0000000000     1.0000000000
#
#BASIS SET
As 3-21G
  6
  1  0  0  3  1
       5407.6138000000     0.0626010000
        818.1743600000     0.3727790000
        179.2656900000     0.6851840000
  1  0  1  3  2
        237.7783000000    -0.1128380000     0.1496800000
         54.2566200000     0.0872270000     0.5623220000
         16.3280300000     0.9681880000     0.4593230000
  1  0  1  3  2
         17.1018500000    -0.2914540000     0.0256860000
          5.8051440000     0.2969620000     0.4833970000
          1.9020840000     0.8865790000     0.5887850000
  1  0  1  2  2
          1.6754040000    -0.5057610000     0.0252820000
          0.3416560000     1.2517640000     0.9874330000
  1  0  1  1  2
          0.1136300000     1.0000000000     1.0000000000
#
#BASIS SET
B 3-21G
  3
  1  0  0  3  1
        116.4340000000     0.0629605000
         17.4314000000     0.3633040000
          3.6801600000     0.6972550000
  1  0  1  2  2
          2.2818700000    -0.3686620000     0.2311520000
          0.4652480000     1.1994400000     0.8667640000
  1  0  1  1  2
          0.1243280000     1.0000000000     1.0000000000
#
#BASIS SET
Be 3-21G
  3
  1  0  0  3  1
         71.8876000000     0.0644263000
         10.7289000000     0.3660960000
          2.2220500000     0.6959340000
  1  0  1  2  2
          1.2954800000    -0.4210640000     0.2051320000
          0.2688810000     1.2240700000     0.8825280000
  1  0  1  1  2
          0.0773500000     1.0000000000     1.0000000000
#
#BASIS SET
Br 3-21G
  6
  1  0  0  3  1
       6103.2899000000     0.0624180000
        923.6974300000     0.3720410000
        202.5203100000     0.6858730000
  1  0  1  3  2
        270.6015000000    -0.1121490000     0.1477510000
         58.2535700000     0.0931450000     0.6010560000
         18.4693300000     0.9616790000     0.4128700000
  1  0  1  3  2
         19.7614200000    -0.2938700000     0.0250070000
          6.8217520000     0.2802660000     0.4866100000
          2.2916290000     0.9020360000     0.5824230000
  1  0  1  2  2
          2.1312060000    -0.6518030000     0.0287080000
          0.4993540000     1.3360120000     0.9840700000
  1  0  1  1  2
          0.1647640000     1.0000000000     1.0000000000
#
#BASIS SET
C 3-21G
  3
  1  0  0  3  1
        172.2560000000     0.0617669000
         25.9109000000     0.3587940000
          5.5333500000     0.7007130000
  1  0  1  2  2
          3.6649800000    -0.3958970000     0.2364600000
          0.7705450000     1.2158400000     0.8606190000
  1  0  1  1  2
          0.1958570000     1.0000000000     1.0000000000
#
#BASIS SET
Ca 3-21G
  5
  1  0  0  3  1
       1915.4348000000     0.0646240000
        289.5332400000     0.3798380000
         63.1063520000     0.6783290000
  1  0  1  3  2
         80.3974400000    -0.1093030000     0.1354330000
         17.3307500000     0.1089000000     0.5372220000
          5.0836240000     0.9492770000     0.5018040000
  1  0  1  3  2
          4.7822290000    -0.2816070000     0.0190090000
          1.4625580000     0.3410510000     0.4360380000
          0.4792230000     0.8381040000     0.6386710000
  1  0  1  2  2
          0.4396820000    -0.2697050000     0.0003080000
          0.0591300000     1.1132930000     0.9998960000
  1  0  1  1  2
          0.0238970000     1.0000000000     1.0000000000
#
#BASIS SET
Cd 3-21G
  9
  1  0  0  3  1
       11686.0900000000     0.0614270000
       1770.1110000000     0.3681570000
        389.2090000000     0.6895720000
  1  0  1  3  2
        527.6004000000    -0.1125920000     0.1518050000
        114.8329000000     0.0832700000     0.6077600000
         36.9582900000     0.9697980000     0.3999630000
  1  0  1  3  2
         33.0154800000    -1.4064710000    -1.6090240000
         29.5454300000     1.2181560000     1.9595680000
          6.2785080000     1.0555200000     0.7080270000
  1  0  1  3  2
          6.1505960000    -0.4229210000     0.0144820000
          2.2597460000     0.4987710000     0.5186610000
          0.8414260000     0.7850760000     0.5426660000
  1  0  1  2  2
          0.9490690000    -0.2215550000    -0.0015400000
          0.1014880000     1.0809440000     1.0004120000
  1  0  1  1  2
          0.0359870000     1.0000000000     1.0000000000
#
#BASIS SET
Cl 3-21G
  4
  1  0  0  3  1
       1376.4000000000     0.0645827000
        207.8570000000     0.3803630000
         45.1554000000     0.6781900000
  1  0  1  3  2
         60.8014000000    -0.0987639000     0.1085980000
         13.9765000000     0.0511338000     0.4586820000
          3.8871000000     0.9913370000     0.6019620000
  1  0  1  2  2
          1.3529900000    -0.2224010000     0.2192160000
          0.5269550000     1.1825200000     0.8223210000
  1  0  1  1  2
          0.1667140000     1.0000000000     1.0000000000
#
#BASIS SET
Co 3-21G
  7
  1  0  0  3  1
       3564.7620000000     0.0634870000
        539.3908000000     0.3758180000
        118.0449000000     0.6821220000
  1  0  1  3  2
        155.4382000000    -0.1109870000     0.1420640000
         33.8156100000     0.0967670000     0.5634440000
         10.3332300000     0.9589920000     0.4630240000
  1  0  1  3  2
         10.3815200000    -0.2922620000     0.0263130000
          3.3827140000     0.3432510000     0.4769170000
          1.0769540000     0.8469630000     0.5991540000
  1  0  1  2  2
          0.9090150000    -0.2174600000     0.0002280000
          0.1050410000     1.0849980000     0.9999340000
  1  0  1  1  2
          0.0372570000     1.0000000000     1.0000000000
#
#BASIS SET
Cr 3-21G
  7
  1  0  0  3  1
       2798.2940000000     0.0638240000
        423.1370000000     0.3770840000
         92.4388600000     0.6809890000
  1  0  1  3  2
        120.2806000000    -0.1177790000     0.1398780000
         26.0372700000     0.1014310000     0.5559830000
          7.8441720000     0.9571980000     0.4748180000
  1  0  1  3  2
          7.7932760000    -0.2888570000     0.0221850000
          2.4971960000     0.3351150000     0.4616250000
          0.8051420000     0.8502480000     0.6145390000
  1  0  1  2  2
          0.7039210000    -0.2322510000     0.0001800000
          0.0861620000     1.0936710000     0.9999450000
  1  0  1  1  2
          0.0321990000     1.0000000000     1.0000000000
#
#BASIS SET
Cs 3-21G
  15
  1  0  0  3  1
       15525.8660000000     0.0607240000
       2349.0055000000     0.3658420000
        516.2355500000     0.6920470000
  1  0  0  3  1
        687.5050500000    -0.1102130000
         67.1911570000     0.7272030000
         27.9920030000     0.3401430000
  1  0  0  3  1
         60.1681880000    -0.2753150000
         10.8686940000     0.8901280000
          4.7407050000     0.2648630000
  1  0  0  3  1
          9.8871630000    -0.3688270000
          2.3693430000     0.8325820000
          1.1416760000     0.3887890000
  1  0  0  3  1
          1.7690780000    -0.3409420000
          0.3836200000     0.7000970000
          0.1713060000     0.4934520000
  1  0  0  2  1
          0.2118490000    -0.2750220000
          0.0403240000     0.1936040000
  1  0  0  1  1
          0.0170580000     1.0000000000
  1  1  1  3  1
       1024.2833000000     0.0791850000
        239.6488900000     0.4199330000
         71.2555480000     0.6432510000
  1  1  1  3  1
        139.4586400000    -0.0331230000
         25.8108100000     0.3891080000
         10.1394520000     0.6790330000
  1  1  1  3  1
          4.3242440000     0.3816690000
          1.9364150000     0.5769760000
          0.8145050000     0.1154050000
  1  1  1  1  1
          0.5945840000     1.0000000000
  1  1  1  1  1
          0.2749920000     1.0000000000
  1  1  1  1  1
          0.1115530000     1.0000000000
#
#BASIS SET
Cu 3-21G
  7
  1  0  0  3  1
       4134.3020000000     0.0631880000
        625.4912000000     0.3748450000
        136.9556000000     0.6831000000
  1  0  1  3  2
        181.4960000000    -0.1113200000     0.1430840000
         39.5743100000     0.0944870000     0.5677560000
         12.1624600000     0.9608790000     0.4567140000
  1  0  1  3  2
         12.3511100000    -0.2922230000     0.0277270000
          4.0496510000     0.3429910000     0.4835240000
          1.2792250000     0.8479460000     0.5929780000
  1  0  1  2  2
          1.0498040000    -0.2065080000     0.0001390000
          0.1169330000     1.0792730000     0.9999610000
  1  0  1  1  2
          0.0007510000     1.0000000000     1.0000000000
#
#BASIS SET
F 3-21G
  3
  1  0  0  3  1
        413.8010000000     0.0585483000
         62.2446000000     0.3493080000
         13.4340000000     0.7096320000
  1  0  1  2  2
          9.7775900000    -0.4073270000     0.2466800000
          2.0861700000     1.2231400000     0.8523210000
  1  0  1  1  2
          0.4823830000     1.0000000000     1.0000000000
#
#BASIS SET
Fe 3-21G
  7
  1  0  0  3  1
       3299.1840000000     0.0635860000
        499.0886000000     0.3762020000
        109.1614000000     0.6817850000
  1  0  1  3  2
        143.4652000000    -0.1105520000     0.1411010000
         31.1685800000     0.0968470000     0.5603870000
          9.4836120000     0.9587970000     0.4676440000
  1  0  1  3  2
          9.4645650000    -0.2920560000     0.0237620000
          3.1003730000     0.3375240000     0.4689110000
          0.9864930000     0.8519420000     0.6083110000
  1  0  1  2  2
          0.8534120000    -0.2279440000    -0.0004260000
          0.0988120000     1.0882870000     1.0001240000
  1  0  1  1  2
          0.0364420000     1.0000000000     1.0000000000
#
#BASIS SET
Ga 3-21G
  6
  1  0  0  3  1
       4751.8979000000     0.0628400000
        718.9205400000     0.3736110000
        157.4459200000     0.6843630000
  1  0  1  3  2
        209.5834000000    -0.1115160000     0.1442660000
         45.6917100000     0.0926960000     0.5731780000
         14.1329700000     0.9622870000     0.4490860000
  1  0  1  3  2
         14.5995400000     0.2910290000     0.0265620000
          4.8608420000    -0.3231880000     0.4833140000
          1.5491110000    -0.8643910000     0.5924300000
  1  0  1  2  2
          1.2679430000    -0.2851310000     0.0301830000
          0.1883990000     1.1280220000     0.9884660000
  1  0  1  1  2
          0.0572370000     1.0000000000     1.0000000000
#
#BASIS SET
Ge 3-21G
  6
  1  0  0  3  1
       5073.7499000000     0.0627250000
        767.7241700000     0.3731670000
        168.1888100000     0.6847870000
  1  0  1  3  2
        224.4360000000    -0.1115150000     0.1446400000
         48.9554300000     0.0912000000     0.5753800000
         15.1837000000     0.9634490000     0.4459950000
  1  0  1  3  2
         15.9125700000    -0.2895650000     0.0229730000
          5.4414370000     0.2938830000     0.4732450000
          1.7426030000     0.8891990000     0.6032780000
  1  0  1  2  2
          1.4665380000    -0.3967340000     0.0278930000
          0.2630930000     1.1906700000     0.9874900000
  1  0  1  1  2
          0.0848210000     1.0000000000     1.0000000000
#
#BASIS SET
H 3-21G
  2
  1  0  0  2  1
          5.4471780000     0.1562850000
          0.8245470000     0.9046910000
  1  0  0  1  1
          0.1831920000     1.0000000000
#
#BASIS SET
He 3-21G
  2
  1  0  0  2  1
         13.6267000000     0.1752300000
          1.9993500000     0.8934830000
  1  0  0  1  1
          0.3829930000     1.0000000000
#
#BASIS SET
I 3-21G
  8
  1  0  0  3  1
       14351.1860000000     0.0610030000
       2173.0741000000     0.3666400000
        477.8720500000     0.6911310000
  1  0  1  3  2
        648.1887000000    -0.1128510000     0.1541140000
        140.3064000000     0.0832280000     0.6194620000
         45.6988000000     0.9697520000     0.3837580000
  1  0  1  3  2
         56.6946900000    -0.2736970000    -0.1523220000
         27.4887500000     0.0465000000     0.5437690000
          8.2090960000     1.0915760000     0.6561680000
  1  0  1  3  2
          8.1916790000    -0.4508280000     0.0118700000
          3.2445960000     0.4632090000     0.5265250000
          1.3004890000     0.8386360000     0.5266080000
  1  0  1  2  2
          1.4513800000    -0.6658520000     0.0275410000
          0.3281030000     1.3285840000     0.9851370000
  1  0  1  1  2
          0.1150760000     1.0000000000     1.0000000000
#
#BASIS SET
In 3-21G
  8
  1  0  0  3  1
       12214.5470000000     0.0612480000
       1848.9136000000     0.3676750000
        406.3683300000     0.6901360000
  1  0  1  3  2
        550.4423000000    -0.1127090000     0.1523700000
        119.7744000000     0.0834440000     0.6096510000
         38.6692700000     0.9696880000     0.3970250000
  1  0  1  3  2
         47.0293100000    -0.2758950000    -0.1408480000
         22.4964200000     0.0597730000     0.5290870000
          6.6971170000     1.0821480000     0.6620680000
  1  0  1  3  2
          6.5723600000    -0.4284830000     0.0109130000
          2.5021580000     0.4633640000     0.5036760000
          0.9420250000     0.8219680000     0.5581810000
  1  0  1  2  2
          1.0012210000    -0.4364170000     0.0231630000
          0.1659700000     1.1898930000     0.9903310000
  1  0  1  1  2
          0.0543400000     1.0000000000     1.0000000000
#
#BASIS SET
K 3-21G
  5
  1  0  0  3  1
       1721.1755000000     0.0648747000
        260.0163300000     0.3808593000
         56.6245540000     0.6773681000
  1  0  1  3  2
         71.5572000000    -0.1093429000     0.1339654000
         15.4389400000     0.1130640000     0.5302673000
          4.4745510000     0.9462575000     0.5117992000
  1  0  1  3  2
          4.1212750000    -0.2699730000     0.0199492200
          1.1886210000     0.3646323000     0.4340213000
          0.3756740000     0.8107533000     0.6453226000
  1  0  1  2  2
          0.2445770000    -0.2688250000     0.0003081035
          0.0389720000     1.1289830000     0.9998787000
  1  0  1  1  2
          0.0160630000     1.0000000000     1.0000000000
#
#BASIS SET
Kr 3-21G
  6
  1  0  0  3  1
       6446.6307000000     0.0625400000
        976.8757000000     0.3721070000
        214.4795500000     0.6856110000
  1  0  1  3  2
        287.6446000000    -0.1120610000     0.1475280000
         62.6200900000     0.0901390000     0.5868920000
         19.6917400000     0.9643300000     0.4295070000
  1  0  1  3  2
         21.1232100000    -0.2958170000     0.0260700000
          7.3032860000     0.2792170000     0.4922500000
          2.4888500000     0.9037300000     0.5742740000
  1  0  1  2  2
          2.3613740000    -0.7202450000     0.0287750000
          0.5860160000     1.3768460000     0.9833390000
  1  0  1  1  2
          0.1944470000     1.0000000000     1.0000000000
#
#BASIS SET
Li 3-21G
  3
  1  0  0  3  1
         36.8382000000     0.0696686000
          5.4817200000     0.3813460000
          1.1132700000     0.6817020000
  1  0  1  2  2
          0.5402050000    -0.2631270000     0.1615460000
          0.1022550000     1.1433900000     0.9156630000
  1  0  1  1  2
          0.0285650000     1.0000000000     1.0000000000
#
#BASIS SET
Mg 3-21G
  4
  1  0  0  3  1
        652.8410000000     0.0675982000
         98.3805000000     0.3917780000
         21.2996000000     0.6666610000
  1  0  1  3  2
         23.3727000000    -0.1102460000     0.1210140000
          5.1995300000     0.1841190000     0.4628100000
          1.3150800000     0.8963990000     0.6069070000
  1  0  1  2  2
          0.6113490000    -0.3611010000     0.0242633000
          0.1418410000     1.2150500000     0.9866730000
  1  0  1  1  2
          0.0464011000     1.0000000000     1.0000000000
#
#BASIS SET
Mn 3-21G
  7
  1  0  0  3  1
       3041.6860000000     0.0637450000
        460.0901000000     0.3767490000
        100.5958000000     0.6812470000
  1  0  1  3  2
        131.7673000000    -0.1102960000     0.1404540000
         28.5691500000     0.0981900000     0.5578020000
          8.6605010000     0.9576590000     0.4715010000
  1  0  1  3  2
          8.5690810000    -0.2917140000     0.0242240000
          2.7681780000     0.3439630000     0.4686600000
          0.8872880000     0.8451980000     0.6074210000
  1  0  1  2  2
          0.7674430000    -0.2300040000     0.0003080000
          0.0920250000     1.0914500000     0.9999070000
  1  0  1  1  2
          0.0332650000     1.0000000000     1.0000000000
#
#BASIS SET
Mo 3-21G
  9
  1  0  0  3  1
       8899.4910000000     0.0617060000
       1346.7640000000     0.3694540000
        295.6352000000     0.6884340000
  1  0  1  3  2
        399.3139000000    -0.1121440000     0.1500660000
         86.5935600000     0.0860110000     0.6007690000
         27.6390400000     0.9674330000     0.4103860000
  1  0  1  3  2
         22.5029200000    -1.4223060000    -0.6680660000
         19.4917100000     1.2841850000     1.0303460000
          4.2781800000     1.0108660000     0.7283480000
  1  0  1  3  2
          4.1630210000    -0.3964230000     0.0029630000
          1.4353050000     0.4370790000     0.4791470000
          0.5437820000     0.8148460000     0.5864870000
  1  0  1  2  2
          0.6318010000    -0.3033620000    -0.0010790000
          0.0732580000     1.1084130000     1.0003130000
  1  0  1  1  2
          0.0280250000     1.0000000000     1.0000000000
#
#BASIS SET
N 3-21G
  3
  1  0  0  3  1
        242.7660000000     0.0598657000
         36.4851000000     0.3529550000
          7.8144900000     0.7065130000
  1  0  1  2  2
          5.4252200000    -0.4133010000     0.2379720000
          1.1491500000     1.2244200000     0.8589530000
  1  0  1  1  2
          0.2832050000     1.0000000000     1.0000000000
#
#BASIS SET
Na 3-21G
  4
  1  0  0  3  1
        547.6130000000     0.0674911000
         82.0678000000     0.3935050000
         17.6917000000     0.6656050000
  1  0  1  3  2
         17.5407000000    -0.1119370000     0.1282330000
          3.7939800000     0.2546540000     0.4715330000
          0.9064410000     0.8444170000     0.6042730000
  1  0  1  2  2
          0.5018240000    -0.2196600000     0.0090665000
          0.0609458000     1.0891200000     0.9972020000
  1  0  1  1  2
          0.0244349000     1.0000000000     1.0000000000
#
#BASIS SET
Nb 3-21G
  9
  1  0  0  3  1
       8466.5170000000     0.0618040000
       1281.2610000000     0.3698050000
        281.2311000000     0.6880790000
  1  0  1  3  2
        379.4729000000    -0.1121060000     0.1496670000
         82.3358900000     0.0865030000     0.5987180000
         26.2224800000     0.9670570000     0.4132380000
  1  0  1  3  2
         21.1629400000    -1.5551310000    -0.7554620000
         18.5897800000     1.4179390000     1.1139660000
          4.0099810000     1.0106200000     0.7327670000
  1  0  1  3  2
          3.8363750000    -0.3891040000     0.0032900000
          1.3033250000     0.4349700000     0.4716450000
          0.4934310000     0.8115900000     0.5936990000
  1  0  1  2  2
          0.5723730000    -0.3156090000    -0.0011330000
          0.0682030000     1.1140470000     1.0003380000
  1  0  1  1  2
          0.0271570000     1.0000000000     1.0000000000
#
#BASIS SET
Ne 3-21G
  3
  1  0  0  3  1
        515.7240000000     0.0581430000
         77.6538000000     0.3479510000
         16.8136000000     0.7107140000
  1  0  1  2  2
         12.4830000000    -0.4099220000     0.2474600000
          2.6645100000     1.2243100000     0.8517430000
  1  0  1  1  2
          0.6062500000     1.0000000000     1.0000000000
#
#BASIS SET
Ni 3-21G
  7
  1  0  0  3  1
       3848.0050000000     0.0632660000
        582.0307000000     0.3751710000
        127.3674000000     0.6828240000
  1  0  1  3  2
        168.2896000000    -0.1111150000     0.1424900000
         36.6563300000     0.0953240000     0.5655470000
         11.2321200000     0.9601610000     0.4599930000
  1  0  1  3  2
         11.3587700000    -0.2920600000     0.0261380000
          3.7388460000     0.3375410000     0.4765980000
          1.1824630000     0.8525330000     0.6003800000
  1  0  1  2  2
          0.9889040000    -0.2136870000     0.0002940000
          0.1110250000     1.0819330000     0.9999170000
  1  0  1  1  2
          0.0392580000     1.0000000000     1.0000000000
#
#BASIS SET
O 3-21G
  3
  1  0  0  3  1
        322.0370000000     0.0592394000
         48.4308000000     0.3515000000
         10.4206000000     0.7076580000
  1  0  1  2  2
          7.4029400000    -0.4044530000     0.2445860000
          1.5762000000     1.2215600000     0.8539550000
  1  0  1  1  2
          0.3736840000     1.0000000000     1.0000000000
#
#BASIS SET
P 3-21G
  4
  1  0  0  3  1
       1054.9000000000     0.0655410000
        159.1950000000     0.3840360000
         34.5304000000     0.6745410000
  1  0  1  3  2
         44.2866000000    -0.1021300000     0.1108510000
         10.1019000000     0.0815920000     0.4564950000
          2.7399700000     0.9697880000     0.6069360000
  1  0  1  2  2
          1.2186500000    -0.3714950000     0.0915820000
          0.3955460000     1.2709900000     0.9349240000
  1  0  1  1  2
          0.1228110000     1.0000000000     1.0000000000
#
#BASIS SET
Pd 3-21G
  9
  1  0  0  3  1
       10728.7400000000     0.0614290000
       1624.0740000000     0.3683280000
        356.7937000000     0.6895030000
  1  0  1  3  2
        482.4783000000    -0.1126790000     0.1510790000
        105.0590000000     0.0846120000     0.6050920000
         33.6814500000     0.9687870000     0.4039800000
  1  0  1  3  2
         30.1865400000    -1.4185470000    -1.7098170000
         27.1664200000     1.2294440000     2.0493080000
          5.6359340000     1.0570830000     0.7186300000
  1  0  1  3  2
          5.4753740000    -0.4172610000     0.0115840000
          1.9976040000     0.4705880000     0.4974550000
          0.7439300000     0.8046360000     0.5655270000
  1  0  1  2  2
          0.8901630000    -0.2784320000    -0.0012720000
          0.0928210000     1.0930280000     1.0003320000
  1  0  1  1  2
          0.0337740000     1.0000000000     1.0000000000
#
#BASIS SET
Rb 3-21G
  7
  1  0  0  3  1
       6816.7225000000     0.0624960000
       1033.0007000000     0.3719500000
        226.9086100000     0.6857290000
  1  0  1  3  2
        304.1283000000    -0.1123300000     0.1484410000
         66.2605800000     0.0907510000     0.5891250000
         20.9194500000     0.9639410000     0.4258250000
  1  0  1  3  2
         22.4653300000    -0.3004850000     0.0244540000
          7.8774680000     0.2783570000     0.4944540000
          2.7052710000     0.9076100000     0.5718570000
  1  0  1  3  2
          2.6921160000    -0.3311620000     0.0119010000
          0.7230560000     0.5096990000     0.4951730000
          0.2598380000     0.6982460000     0.5737240000
  1  0  1  2  2
          0.1897140000    -0.2711930000     0.0003080000
          0.0339970000     1.1415500000     0.9998650000
  1  0  1  1  2
          0.0147120000     1.0000000000     1.0000000000
#
#BASIS SET
Rh 3-21G
  9
  1  0  0  3  1
       10217.7100000000     0.0617320000
       1548.4120000000     0.3691530000
        340.4990000000     0.6885140000
  1  0  1  3  2
        460.7593000000    -0.1124460000     0.1508580000
        100.3289000000     0.0843810000     0.6035140000
         32.1397100000     0.9689020000     0.4060250000
  1  0  1  3  2
         28.7932900000    -1.4040910000    -1.7122180000
         25.9176800000     1.2161690000     2.0476030000
          5.3206400000     1.0565550000     0.7229830000
  1  0  1  3  2
          5.1097480000    -0.4126470000     0.0093740000
          1.8754140000     0.4518850000     0.4815540000
          0.6995580000     0.8188990000     0.5822310000
  1  0  1  2  2
          0.8005710000    -0.2553480000    -0.0007760000
          0.0873210000     1.0913080000     1.0002120000
  1  0  1  1  2
          0.0314070000     1.0000000000     1.0000000000
#
#BASIS SET
Ru 3-21G
  9
  1  0  0  3  1
       9786.1610000000     0.0616050000
       1481.4770000000     0.3689820000
        325.4122000000     0.6888450000
  1  0  1  3  2
        439.8665000000    -0.1123910000     0.1503790000
         95.7627300000     0.0846940000     0.6019290000
         30.6056600000     0.9686380000     0.4084640000
  1  0  1  3  2
         27.2773700000    -1.3955530000    -1.6686180000
         24.5108200000     1.2108520000     2.0027900000
          5.0089460000     1.0540450000     0.7251440000
  1  0  1  3  2
          4.7658120000    -0.4103630000     0.0112740000
          1.7345310000     0.4480030000     0.4727030000
          0.6466360000     0.8198080000     0.5898430000
  1  0  1  2  2
          0.7406620000    -0.2639660000    -0.0007620000
          0.0821710000     1.0948570000     1.0002120000
  1  0  1  1  2
          0.0300970000     1.0000000000     1.0000000000
#
#BASIS SET
S 3-21G
  4
  1  0  0  3  1
       1210.6200000000     0.0650070000
        182.7470000000     0.3820400000
         39.6673000000     0.6765450000
  1  0  1  3  2
         52.2236000000    -0.1003100000     0.1096460000
         11.9629000000     0.0650880000     0.4576490000
          3.2891100000     0.9814550000     0.6042610000
  1  0  1  2  2
          1.2238400000    -0.2860890000     0.1647770000
          0.4573030000     1.2280600000     0.8708550000
  1  0  1  1  2
          0.1422690000     1.0000000000     1.0000000000
#
#BASIS SET
Sb 3-21G
  8
  1  0  0  3  1
       13289.3830000000     0.0609840000
       2010.5218000000     0.3668490000
        441.6981500000     0.6910500000
  1  0  1  3  2
        598.8890000000    -0.1127200000     0.1530670000
        130.0385000000     0.0826440000     0.6135970000
         42.1328600000     0.9702580000     0.3916990000
  1  0  1  3  2
         51.5133300000    -0.2770430000    -0.1378700000
         24.4359500000     0.0575030000     0.5363550000
          7.4209310000     1.0847030000     0.6508680000
  1  0  1  3  2
          7.3142350000    -0.4403810000     0.0153050000
          2.8440530000     0.4737340000     0.5160830000
          1.1058550000     0.8221350000     0.5387570000
  1  0  1  2  2
          1.2786370000    -0.6016950000     0.0222530000
          0.2412320000     1.2586920000     0.9896430000
  1  0  1  1  2
          0.0866300000     1.0000000000     1.0000000000
#
#BASIS SET
Sc 3-21G
  7
  1  0  0  3  1
       2119.8870000000     0.0644210000
        320.4299000000     0.3791600000
         69.8989300000     0.6789630000
  1  0  1  3  2
         89.7645000000    -0.1093840000     0.1363280000
         19.3851000000     0.1050700000     0.5418600000
          5.7314230000     0.9522050000     0.4950550000
  1  0  1  3  2
          5.4919380000    -0.2852110000     0.0176140000
          1.7437420000     0.3241550000     0.4336450000
          0.5662270000     0.8565920000     0.6425510000
  1  0  1  2  2
          0.5168020000    -0.2626780000     0.0003270000
          0.0672140000     1.1080790000     0.9998930000
  1  0  1  1  2
          0.0259850000     1.0000000000     1.0000000000
#
#BASIS SET
Se 3-21G
  6
  1  0  0  3  1
       5751.3215000000     0.0624930000
        870.2572100000     0.3723680000
        190.7294900000     0.6855800000
  1  0  1  3  2
        255.0164000000    -0.1119080000     0.1461490000
         55.5765400000     0.0909990000     0.5813710000
         17.3566100000     0.9636680000     0.4374600000
  1  0  1  3  2
         18.4456800000    -0.2917930000     0.0244210000
          6.3287590000     0.2846210000     0.4833650000
          2.0967580000     0.8973050000     0.5879040000
  1  0  1  2  2
          1.8726330000    -0.5677640000     0.0282550000
          0.4174740000     1.2941270000     0.9849060000
  1  0  1  1  2
          0.1370910000     1.0000000000     1.0000000000
#
#BASIS SET
Si 3-21G
  4
  1  0  0  3  1
        910.6550000000     0.0660823000
        137.3360000000     0.3862290000
         29.7601000000     0.6723800000
  1  0  1  3  2
         36.6716000000    -0.1045110000     0.1133550000
          8.3172900000     0.1074100000     0.4575780000
          2.2164500000     0.9514460000     0.6074270000
  1  0  1  2  2
          1.0791300000    -0.3761080000     0.0671030000
          0.3024220000     1.2516500000     0.9568830000
  1  0  1  1  2
          0.0933392000     1.0000000000     1.0000000000
#
#BASIS SET
Sn 3-21G
  8
  1  0  0  3  1
       12741.6740000000     0.0611350000
       1928.4692000000     0.3672930000
        423.8079700000     0.6905450000
  1  0  1  3  2
        574.2875000000    -0.1127460000     0.1525800000
        124.9537000000     0.0828630000     0.6110110000
         40.3957600000     0.9701510000     0.3951550000
  1  0  1  3  2
         48.8066200000    -0.2824530000    -0.1509630000
         23.8358800000     0.0660560000     0.5399680000
          7.0482960000     1.0819870000     0.6604820000
  1  0  1  3  2
          6.9733780000    -0.4340360000     0.0119510000
          2.6930400000     0.4610290000     0.5067190000
          1.0259580000     0.8285580000     0.5529110000
  1  0  1  2  2
          1.1314630000    -0.5252080000     0.0210710000
          0.2034090000     1.2292260000     0.9905910000
  1  0  1  1  2
          0.0705640000     1.0000000000     1.0000000000
#
#BASIS SET
Sr 3-21G
  7
  1  0  0  3  1
       7215.4735000000     0.0622820000
       1092.8519000000     0.3713100000
        239.9818200000     0.6864440000
  1  0  1  3  2
        322.1246000000    -0.1122350000     0.1488370000
         70.0904600000     0.0895440000     0.5919470000
         22.1764100000     0.9648130000     0.4221710000
  1  0  1  3  2
         23.9276300000    -0.3024720000     0.0248370000
          8.4751140000     0.2700840000     0.4934780000
          2.9429340000     0.9159200000     0.5709830000
  1  0  1  3  2
          2.9409660000    -0.3519850000     0.0097230000
          0.8523560000     0.4972550000     0.4983220000
          0.3215370000     0.7238600000     0.5650560000
  1  0  1  2  2
          0.3480420000    -0.2851470000     0.0003080000
          0.0481770000     1.1209390000     0.9998930000
  1  0  1  1  2
          0.0218030000     1.0000000000     1.0000000000
#
#BASIS SET
Tc 3-21G
  9
  1  0  0  3  1
       9329.4820000000     0.0617120000
       1412.5060000000     0.3693370000
        310.2643000000     0.6884720000
  1  0  1  3  2
        418.8175000000    -0.1124030000     0.1500720000
         91.2507800000     0.0853180000     0.6000570000
         29.1121200000     0.9681770000     0.4109860000
  1  0  1  3  2
         25.9106400000    -1.3804460000    -1.6552710000
         23.2677000000     1.1979000000     1.9860200000
          4.7070830000     1.0526490000     0.7290340000
  1  0  1  3  2
          4.4411380000    -0.4041140000     0.0122910000
          1.5956390000     0.4398380000     0.4632070000
          0.5955600000     0.8219360000     0.5983830000
  1  0  1  2  2
          0.6738810000    -0.2700030000    -0.0009200000
          0.0772410000     1.0991500000     1.0002640000
  1  0  1  1  2
          0.0286960000     1.0000000000     1.0000000000
#
#BASIS SET
Te 3-21G
  8
  1  0  0  3  1
       13796.5600000000     0.0610860000
       2088.8798000000     0.3669630000
        459.3931900000     0.6907940000
  1  0  1  3  2
        623.2631000000    -0.1128200000     0.1534190000
        135.3600000000     0.0822520000     0.6149000000
         44.0004800000     0.9706010000     0.3895160000
  1  0  1  3  2
         54.1907800000    -0.2744120000    -0.1433310000
         25.8203900000     0.0518300000     0.5391880000
          7.8095830000     1.0876220000     0.6522850000
  1  0  1  3  2
          7.7642170000    -0.4467310000     0.0127460000
          3.0439320000     0.4694700000     0.5221230000
          1.1992530000     0.8298110000     0.5326610000
  1  0  1  2  2
          1.3403640000    -0.5904700000     0.0255880000
          0.2780880000     1.2819680000     0.9871020000
  1  0  1  1  2
          0.0967260000     1.0000000000     1.0000000000
#
#BASIS SET
Ti 3-21G
  7
  1  0  0  3  1
       2335.0200000000     0.0642170000
        353.0441000000     0.3784120000
         77.0584500000     0.6796810000
  1  0  1  3  2
         99.5738700000    -0.1094720000     0.1372970000
         21.5467100000     0.1019430000     0.5458750000
          6.4139650000     0.9546220000     0.4890680000
  1  0  1  3  2
          6.2382790000    -0.2861370000     0.0192370000
          1.9961080000     0.3218280000     0.4404420000
          0.6464900000     0.8595510000     0.6356200000
  1  0  1  2  2
          0.5732850000    -0.2424500000     0.0002920000
          0.0731190000     1.1000750000     0.9999070000
  1  0  1  1  2
          0.0265380000     1.0000000000     1.0000000000
#
#BASIS SET
V 3-21G
  7
  1  0  0  3  1
       2563.8770000000     0.0639480000
        387.5340000000     0.3775940000
         84.5982300000     0.6805420000
  1  0  1  3  2
        109.7938000000    -0.1098360000     0.1384210000
         23.7692100000     0.1007070000     0.5504890000
          7.1229610000     0.9556330000     0.4824170000
  1  0  1  3  2
          6.9812040000    -0.2884590000     0.0218210000
          2.2198390000     0.3364360000     0.4567620000
          0.7198030000     0.8481900000     0.6186750000
  1  0  1  2  2
          0.6312620000    -0.2364900000     0.0001900000
          0.0800620000     1.0977210000     0.9999400000
  1  0  1  1  2
          0.0288650000     1.0000000000     1.0000000000
#
#BASIS SET
Xe 3-21G
  8
  1  0  0  3  1
       14902.2360000000     0.0609970000
       2256.5383000000     0.3666290000
        496.3731700000     0.6911150000
  1  0  1  3  2
        673.6611000000    -0.1129130000     0.1544270000
        145.8491000000     0.0829050000     0.6206170000
         47.5770800000     0.9700290000     0.3820040000
  1  0  1  3  2
         59.1675200000    -0.2739770000    -0.1518570000
         28.6115900000     0.0455300000     0.5471510000
          8.5965960000     1.0925280000     0.6519540000
  1  0  1  3  2
          8.6386760000    -0.4558410000     0.0095850000
          3.4628180000     0.4617360000     0.5298190000
          1.4010400000     0.8442880000     0.5235980000
  1  0  1  2  2
          1.5784740000    -0.7277720000     0.0280720000
          0.3750810000     1.3627970000     0.9842640000
  1  0  1  1  2
          0.1331790000     1.0000000000     1.0000000000
#
#BASIS SET
Y 3-21G
  9
  1  0  0  3  1
       7646.4210000000     0.0618910000
       1156.8630000000     0.3702070000
        253.7152000000     0.6877560000
  1  0  1  3  2
        341.8540000000    -0.1119000000     0.1485720000
         74.2098600000     0.0868050000     0.5943070000
         23.5135200000     0.9667850000     0.4196040000
  1  0  1  3  2
         18.8626000000    -1.4778730000    -0.7041410000
         16.4540500000     1.3472590000     1.0578620000
          3.4845000000     1.0062310000     0.7393820000
  1  0  1  3  2
          3.2217330000    -0.3699580000     0.0024940000
          1.0507050000     0.4308640000     0.4537620000
          0.3925920000     0.8020870000     0.6130680000
  1  0  1  2  2
          0.4327640000    -0.3464580000    -0.0013370000
          0.0570120000     1.1327770000     1.0004400000
  1  0  1  1  2
          0.0237540000     1.0000000000     1.0000000000
#
#BASIS SET
Zn 3-21G
  7
  1  0  0  3  1
       4432.2880000000     0.0630930000
        670.6601000000     0.3745040000
        146.9024000000     0.6834160000
  1  0  1  3  2
        195.0042000000    -0.1116280000     0.1438060000
         42.5688900000     0.0943360000     0.5700020000
         13.1214300000     0.9611000000     0.4533120000
  1  0  1  3  2
         13.4023100000    -0.2917810000     0.0287050000
          4.3999060000     0.3426140000     0.4862520000
          1.3851480000     0.8482840000     0.5902350000
  1  0  1  2  2
          1.1215580000    -0.2023710000     0.0003440000
          0.1229440000     1.0770350000     0.9999050000
  1  0  1  1  2
          0.0421930000     1.0000000000     1.0000000000
#
#BASIS SET
Zr 3-21G
  9
  1  0  0  3  1
       8084.5920000000     0.0615780000
       1221.6680000000     0.3693990000
        267.6917000000     0.6887280000
  1  0  1  3  2
        361.0212000000    -0.1119070000     0.1487620000
         78.3049500000     0.0858400000     0.5965690000
         24.8452300000     0.9675130000     0.4167850000
  1  0  1  3  2
         20.0062800000    -1.5443490000    -0.7568480000
         17.5741500000     1.4095960000     1.1120900000
          3.7429850000     1.0093490000     0.7368020000
  1  0  1  3  2
          3.5547880000    -0.3793870000     0.0025990000
          1.1789920000     0.4232850000     0.4599760000
          0.4446970000     0.8140680000     0.6058490000
  1  0  1  2  2
          0.5050490000    -0.3295120000    -0.0012490000
          0.0621160000     1.1207090000     1.0003840000
  1  0  1  1  2
          0.0255800000     1.0000000000     1.0000000000
#
