#BASIS SET
Al 6-31G
  4
  1  0  0  6  1
       13983.1000000000     0.0019426700
       2098.7500000000     0.0148599000
        477.7050000000     0.0728494000
        134.3600000000     0.2468300000
         42.8709000000     0.4872580000
         14.5189000000     0.3234960000
  1  0  1  6  2
        239.6680000000    -0.0029261900     0.0046028500
         57.4419000000    -0.0374080000     0.0331990000
         18.2859000000    -0.1144870000     0.1362820000
          6.5991400000     0.1156350000     0.3304760000
          2.4904900000     0.6125950000     0.4491460000
          0.9445400000     0.3937990000     0.2657040000
  1  0  1  3  2
          1.2779000000    -0.2276060000    -0.0175130000
          0.3975900000     0.0014458300     0.2445330000
          0.1600950000     1.0927900000     0.8049340000
  1  0  1  1  2
          0.0556577000     1.0000000000     1.0000000000
#
#BASIS SET
Ar 6-31G
  4
  1  0  0  6  1
       28348.3000000000     0.0018252600
       4257.6200000000     0.0139686000
        969.8570000000     0.0687073000
        273.2630000000     0.2362040000
         87.3695000000     0.4822140000
         29.6867000000     0.3420430000
  1  0  1  6  2
        575.8910000000    -0.0021597200     0.0038066500
        136.8160000000    -0.0290775000     0.0292305000
         43.8098000000    -0.1108270000     0.1264670000
         16.2094000000     0.0276999000     0.3235100000
          6.4608400000     0.5776130000     0.4548960000
          2.6511400000     0.4886880000     0.2566300000
  1  0  1  3  2
          3.8602800000    -0.2555920000    -0.0159197000
          1.4137300000     0.0378066000     0.3246460000
          0.5166460000     1.0805600000     0.7439900000
  1  0  1  1  2
          0.1738880000     1.0000000000     1.0000000000
#
#BASIS SET
B 6-31G
  3
  1  0  0  6  1
       2068.8823000000     0.0018663000
        310.6495700000     0.0142515000
         70.6830330000     0.0695516000
         19.8610800000     0.2325729000
          6.2993048000     0.4670787000
          2.1270270000     0.3634314000
  1  0  1  3  2
          4.7279710000    -0.1303938000     0.0745976000
          1.1903377000    -0.1307889000     0.3078467000
          0.3594117000     1.1309444000     0.7434568000
  1  0  1  1  2
          0.1267512000     1.0000000000     1.0000000000
#
#BASIS SET
Be 6-31G
  3
  1  0  0  6  1
       1264.5857000000     0.0019448000
        189.9368100000     0.0148351000
         43.1590890000     0.0720906000
         12.0986630000     0.2371542000
          3.8063232000     0.4691987000
          1.2728903000     0.3565202000
  1  0  1  3  2
          3.1964631000    -0.1126487000     0.0559802000
          0.7478133000    -0.2295064000     0.2615506000
          0.2199663000     1.1869167000     0.7939723000
  1  0  1  1  2
          0.0823099000     1.0000000000     1.0000000000
#
#BASIS SET
C 6-31G
  3
  1  0  0  6  1
       3047.5249000000     0.0018347000
        457.3695100000     0.0140373000
        103.9486900000     0.0688426000
         29.2101550000     0.2321844000
          9.2866630000     0.4679413000
          3.1639270000     0.3623120000
  1  0  1  3  2
          7.8682724000    -0.1193324000     0.0689991000
          1.8812885000    -0.1608542000     0.3164240000
          0.5442493000     1.1434564000     0.7443083000
  1  0  1  1  2
          0.1687144000     1.0000000000     1.0000000000
#
#BASIS SET
Ca 6-31G
  5
  1  0  0  6  1
       35264.8600000000     0.0018135010
       5295.5030000000     0.0138849300
       1206.0200000000     0.0683616200
        339.6839000000     0.2356188000
        108.6264000000     0.4820639000
         36.9210300000     0.3429819000
  1  0  1  6  2
        706.3096000000     0.0024482250     0.0040203710
        167.8187000000     0.0324150400     0.0310060100
         53.8255800000     0.1226219000     0.1337279000
         20.0163800000    -0.0431696500     0.3367983000
          7.9702790000    -0.6126995000     0.4631281000
          3.2120590000    -0.4487540000     0.2257532000
  1  0  1  6  2
         14.1951800000     0.0108450000    -0.0128962100
          4.8808280000     0.2088333000    -0.0102519800
          2.1603900000     0.0315033800     0.1959781000
          0.9878990000    -0.5526518000     0.4357933000
          0.4495170000    -0.5437997000     0.3996452000
          0.1873870000    -0.0666934200     0.0971363600
  1  0  1  3  2
          1.0322710000    -0.0443972000    -0.4298621000
          0.3811710000    -0.3284563000     0.0069358290
          0.0651310000     1.1630100000     0.9705933000
  1  0  1  1  2
          0.0260100000     1.0000000000     1.0000000000
#
#BASIS SET
Cl 6-31G
  4
  1  0  0  6  1
       25180.1000000000     0.0018330000
       3780.3500000000     0.0140340000
        860.4740000000     0.0690970000
        242.1450000000     0.2374520000
         77.3349000000     0.4830340000
         26.2470000000     0.3398560000
  1  0  1  6  2
        491.7650000000    -0.0022974000     0.0039894000
        116.9840000000    -0.0307140000     0.0303180000
         37.4153000000    -0.1125280000     0.1298800000
         13.7834000000     0.0450160000     0.3279510000
          5.4521500000     0.5893530000     0.4535270000
          2.2258800000     0.4652060000     0.2521540000
  1  0  1  3  2
          3.1864900000    -0.2518300000    -0.0142990000
          1.1442700000     0.0615890000     0.3235720000
          0.4203770000     1.0601800000     0.7435070000
  1  0  1  1  2
          0.1426570000     1.0000000000     1.0000000000
#
#BASIS SET
Co 6-31G
  7
  1  0  0  6  1
       66148.9900000000     0.0017597870
       9933.0770000000     0.0134816200
       2262.8160000000     0.0664934200
        637.9154000000     0.2307939000
        204.4122000000     0.4792919000
         69.8253800000     0.3514097000
  1  0  1  6  2
       1378.8410000000     0.0023762760     0.0039714880
        328.2694000000     0.0316745000     0.0310817400
        106.0946000000     0.1262888000     0.1357439000
         39.8327500000    -0.0258455200     0.3476827000
         16.1862200000    -0.6183491000     0.4626340000
          6.6677880000    -0.4567008000     0.2051632000
  1  0  1  6  2
         54.5235500000    -0.0039930040    -0.0072907720
         18.2978300000     0.0740966300    -0.0292602700
          7.8673480000     0.2542000000     0.0656415000
          3.3405340000    -0.2921657000     0.4000652000
          1.3937560000    -0.7318703000     0.4950236000
          0.5513260000    -0.2040784000     0.1758240000
  1  0  1  3  2
          2.1519470000     0.0537984300    -0.2165496000
          0.8110630000     0.2759971000     0.1240488000
          0.1210170000    -1.1296920000     0.9724064000
  1  0  1  1  2
          0.0430370000     1.0000000000     1.0000000000
#
#BASIS SET
Cr 6-31G
  7
  1  0  0  6  1
       51789.8100000000     0.0017761820
       7776.8490000000     0.0136047600
       1771.3850000000     0.0670692500
        499.1588000000     0.2323104000
        159.7982000000     0.4802410000
         54.4702100000     0.3487653000
  1  0  1  6  2
       1064.3280000000     0.0023996690     0.0039869970
        253.2138000000     0.0319488600     0.0310466200
         81.6092400000     0.1250868000     0.1350518000
         30.4819300000    -0.0322186600     0.3448865000
         12.2943900000    -0.6172284000     0.4628571000
          5.0377220000    -0.4525936000     0.2110426000
  1  0  1  6  2
         41.5629100000    -0.0034542160    -0.0067224970
         13.6762700000     0.0721842800    -0.0280647100
          5.8443900000     0.2544820000     0.0582002800
          2.4716090000    -0.2934534000     0.3916988000
          1.0283080000    -0.7385455000     0.5047823000
          0.4072500000    -0.1947157000     0.1790290000
  1  0  1  3  2
          1.5714640000     0.0589221900    -0.1930100000
          0.6055800000     0.2976055000     0.0960562000
          0.0985610000    -1.1475060000     0.9817609000
  1  0  1  1  2
          0.0364590000     1.0000000000     1.0000000000
#
#BASIS SET
Cu 6-31G
  7
  1  0  0  6  1
       76794.3800000000     0.0017481610
       11530.7000000000     0.0133960200
       2626.5750000000     0.0661088500
        740.4903000000     0.2298265000
        237.3528000000     0.4787675000
         81.1581800000     0.3530739000
  1  0  1  6  2
       1610.8140000000     0.0023640550     0.0039633070
        383.6367000000     0.0315363500     0.0311022300
        124.1733000000     0.1269452000     0.1361350000
         46.7467800000    -0.0226284000     0.3492914000
         19.0656900000    -0.6192080000     0.4624780000
          7.8715670000    -0.4585393000     0.2020102000
  1  0  1  6  2
         64.4573200000    -0.0043310750    -0.0075237250
         21.8521200000     0.0741230700    -0.0297568700
          9.4053430000     0.2542108000     0.0684965400
          3.9991680000    -0.2874843000     0.4027141000
          1.6702970000    -0.7291436000     0.4908490000
          0.6596270000    -0.2113951000     0.1759268000
  1  0  1  3  2
          2.6000880000     0.0502757700    -0.1702911000
          0.9630940000     0.2650040000     0.0931013300
          0.1361610000    -1.1201550000     0.9814336000
  1  0  1  1  2
          0.0473320000     1.0000000000     1.0000000000
#
#BASIS SET
F 6-31G
  3
  1  0  0  6  1
       7001.7130900000     0.0018196169
       1051.3660900000     0.0139160796
        239.2856900000     0.0684053245
         67.3974453000     0.2331857600
         21.5199573000     0.4712674390
          7.4031013000     0.3566185460
  1  0  1  3  2
         20.8479528000    -0.1085069750     0.0716287243
          4.8083083400    -0.1464516580     0.3459121030
          1.3440698600     1.1286885800     0.7224699570
  1  0  1  1  2
          0.3581513930     1.0000000000     1.0000000000
#
#BASIS SET
Fe 6-31G
  7
  1  0  0  6  1
       61132.6200000000     0.0017661110
       9179.3420000000     0.0135303800
       2090.8570000000     0.0667312800
        589.2479000000     0.2314823000
        188.7543000000     0.4797058000
         64.4462900000     0.3501976000
  1  0  1  6  2
       1259.9800000000     0.0024380140     0.0040280190
        299.8761000000     0.0322404800     0.0314464700
         96.8491700000     0.1265724000     0.1368317000
         36.3102000000    -0.0313990200     0.3487236000
         14.7299600000    -0.6207593000     0.4617931000
          6.0660750000    -0.4502914000     0.2043058000
  1  0  1  6  2
         50.4348500000    -0.0038732560    -0.0070171280
         16.8392900000     0.0719659800    -0.0287766000
          7.1920860000     0.2556591000     0.0618138300
          3.0534200000    -0.2882837000     0.3954946000
          1.2736430000    -0.7342822000     0.4989059000
          0.5040910000    -0.2049353000     0.1791251000
  1  0  1  3  2
          1.9503160000     0.0569486900    -0.4593796000
          0.7367210000     0.2882915000     0.2852139000
          0.1141770000    -1.1381590000     0.9076485000
  1  0  1  1  2
          0.0411480000     1.0000000000     1.0000000000
#
#BASIS SET
H 6-31G
  2
  1  0  0  3  1
         18.7311370000     0.0334946000
          2.8253937000     0.2347269500
          0.6401217000     0.8137573300
  1  0  0  1  1
          0.1612778000     1.0000000000
#
#BASIS SET
He 6-31G
  2
  1  0  0  3  1
         38.4216340000     0.0237660000
          5.7780300000     0.1546790000
          1.2417740000     0.4696300000
  1  0  0  1  1
          0.2979640000     1.0000000000
#
#BASIS SET
K 6-31G
  5
  1  0  0  6  1
       31594.4200000000     0.0018280100
       4744.3300000000     0.0139940300
       1080.4190000000     0.0688712900
        304.2338000000     0.2369760000
         97.2458600000     0.4829040000
         33.0249500000     0.3404795000
  1  0  1  6  2
        622.7625000000    -0.0025029760     0.0040946370
        147.8839000000    -0.0331555000     0.0314519900
         47.3273500000    -0.1226387000     0.1351558000
         17.5149500000     0.0535364300     0.3390500000
          6.9227220000     0.6193860000     0.4629455000
          2.7682770000     0.4345878000     0.2242638000
  1  0  1  6  2
         11.8480200000     0.0127768900    -0.0122137700
          4.0792110000     0.2098767000    -0.0069005370
          1.7634810000    -0.0030952740     0.2007466000
          0.7889270000    -0.5593884000     0.4281332000
          0.3503870000    -0.5134760000     0.3970156000
          0.1463440000    -0.0659803500     0.1104718000
  1  0  1  3  2
          0.7168010000    -0.0523777200     0.0316430000
          0.2337410000    -0.2798503000    -0.0404616000
          0.0386750000     1.1415470000     1.0120290000
  1  0  1  1  2
          0.0165210000     1.0000000000     1.0000000000
#
#BASIS SET
Li 6-31G
  3
  1  0  0  6  1
        642.4189200000     0.0021426000
         96.7985150000     0.0162089000
         22.0911210000     0.0773156000
          6.2010703000     0.2457860000
          1.9351177000     0.4701890000
          0.6367358000     0.3454708000
  1  0  1  3  2
          2.3249184000    -0.0350917000     0.0089415000
          0.6324306000    -0.1912328000     0.1410095000
          0.0790534000     1.0839878000     0.9453637000
  1  0  1  1  2
          0.0359620000     1.0000000000     1.0000000000
#
#BASIS SET
Mg 6-31G
  4
  1  0  0  6  1
       11722.8000000000     0.0019778000
       1759.9300000000     0.0151140000
        400.8460000000     0.0739110000
        112.8070000000     0.2491910000
         35.9997000000     0.4879280000
         12.1828000000     0.3196620000
  1  0  1  6  2
        189.1800000000    -0.0032372000     0.0049281000
         45.2119000000    -0.0410080000     0.0349890000
         14.3563000000    -0.1126000000     0.1407250000
          5.1388600000     0.1486330000     0.3336420000
          1.9065200000     0.6164970000     0.4449400000
          0.7058870000     0.3648290000     0.2692540000
  1  0  1  3  2
          0.9293400000    -0.2122900000    -0.0224190000
          0.2690350000    -0.1079850000     0.1922700000
          0.1173790000     1.1758400000     0.8461810000
  1  0  1  1  2
          0.0421061000     1.0000000000     1.0000000000
#
#BASIS SET
Mn 6-31G
  7
  1  0  0  6  1
       56347.1400000000     0.0017715800
       8460.9430000000     0.0135708100
       1927.3250000000     0.0669060500
        543.2343000000     0.2318541000
        173.9905000000     0.4799046000
         59.3600500000     0.3495737000
  1  0  1  6  2
       1165.4120000000     0.0023887510     0.0039773180
        277.3276000000     0.0318170800     0.0310311200
         89.4727800000     0.1254670000     0.1351894000
         33.4825600000    -0.0295543100     0.3457387000
         13.5403700000    -0.6175160000     0.4629205000
          5.5579720000    -0.4544458000     0.2090592000
  1  0  1  6  2
         45.8353200000    -0.0036658560    -0.0068875780
         15.1877700000     0.0723197100    -0.0284681600
          6.5007100000     0.2544486000     0.0603183200
          2.7515830000    -0.2910380000     0.3938961000
          1.1454040000    -0.7359860000     0.5013769000
          0.4536870000    -0.1997617000     0.1792264000
  1  0  1  3  2
          1.7579990000     0.0562857200    -0.5035024000
          0.6670220000     0.2897491000     0.2345011000
          0.1051290000    -1.1406530000     0.9141257000
  1  0  1  1  2
          0.0384180000     1.0000000000     1.0000000000
#
#BASIS SET
N 6-31G
  3
  1  0  0  6  1
       4173.5110000000     0.0018348000
        627.4579000000     0.0139950000
        142.9021000000     0.0685870000
         40.2343300000     0.2322410000
         12.8202100000     0.4690700000
          4.3904370000     0.3604550000
  1  0  1  3  2
         11.6263580000    -0.1149610000     0.0675800000
          2.7162800000    -0.1691180000     0.3239070000
          0.7722180000     1.1458520000     0.7408950000
  1  0  1  1  2
          0.2120313000     1.0000000000     1.0000000000
#
#BASIS SET
Na 6-31G
  4
  1  0  0  6  1
       9993.2000000000     0.0019377000
       1499.8900000000     0.0148070000
        341.9510000000     0.0727060000
         94.6797000000     0.2526290000
         29.7345000000     0.4932420000
         10.0063000000     0.3131690000
  1  0  1  6  2
        150.9630000000    -0.0035421000     0.0050017000
         35.5878000000    -0.0439590000     0.0355110000
         11.1683000000    -0.1097521000     0.1428250000
          3.9020100000     0.1873980000     0.3386200000
          1.3817700000     0.6466990000     0.4515790000
          0.4663820000     0.3060580000     0.2732710000
  1  0  1  3  2
          0.4979660000    -0.2485030000    -0.0230230000
          0.0843530000    -0.1317040000     0.9503590000
          0.0666350000     1.2335200000     0.0598580000
  1  0  1  1  2
          0.0259544000     1.0000000000     1.0000000000
#
#BASIS SET
Ne 6-31G
  3
  1  0  0  6  1
       8425.8515300000     0.0018843481
       1268.5194000000     0.0143368994
        289.6214140000     0.0701096233
         81.8590040000     0.2373732660
         26.2515079000     0.4730071260
          9.0947205100     0.3484012410
  1  0  1  3  2
         26.5321310000    -0.1071182870     0.0719095885
          6.1017550100    -0.1461638210     0.3495133720
          1.6962715300     1.1277735000     0.7199405120
  1  0  1  1  2
          0.4458187000     1.0000000000     1.0000000000
#
#BASIS SET
Ni 6-31G
  7
  1  0  0  6  1
       71396.3500000000     0.0017530030
       10720.8400000000     0.0134312200
       2442.1290000000     0.0662704100
        688.4265000000     0.2302508000
        220.6153000000     0.4790186000
         75.3937300000     0.3523444000
  1  0  1  6  2
       1492.5320000000     0.0023707140     0.0039675540
        355.4013000000     0.0316056600     0.0310947900
        114.9534000000     0.1266335000     0.1359517000
         43.2204300000    -0.0241703700     0.3485136000
         17.5971000000    -0.6187775000     0.4625498000
          7.2577650000    -0.4576770000     0.2035186000
  1  0  1  6  2
         59.3526100000    -0.0041620020    -0.0074214520
         20.0218100000     0.0742511100    -0.0295341000
          8.6145610000     0.2541360000     0.0673185200
          3.6605310000    -0.2903477000     0.4016660000
          1.5281110000    -0.7302121000     0.4926623000
          0.6040570000    -0.2076057000     0.1756893000
  1  0  1  3  2
          2.3792760000     0.0515788800    -0.1887663000
          0.8858390000     0.2707611000     0.1015199000
          0.1285290000    -1.1247700000     0.9790906000
  1  0  1  1  2
          0.0451950000     1.0000000000     1.0000000000
#
#BASIS SET
O 6-31G
  3
  1  0  0  6  1
       5484.6717000000     0.0018311000
        825.2349500000     0.0139501000
        188.0469600000     0.0684451000
         52.9645000000     0.2327143000
         16.8975700000     0.4701930000
          5.7996353000     0.3585209000
  1  0  1  3  2
         15.5396160000    -0.1107775000     0.0708743000
          3.5999336000    -0.1480263000     0.3397528000
          1.0137618000     1.1307670000     0.7271586000
  1  0  1  1  2
          0.2700058000     1.0000000000     1.0000000000
#
#BASIS SET
P 6-31G
  4
  1  0  0  6  1
       19413.3000000000     0.0018516000
       2909.4200000000     0.0142062000
        661.3640000000     0.0699995000
        185.7590000000     0.2400790000
         59.1943000000     0.4847620000
         20.0310000000     0.3352000000
  1  0  1  6  2
        339.4780000000    -0.0027821700     0.0045646200
         81.0101000000    -0.0360499000     0.0336936000
         25.8780000000    -0.1166310000     0.1397550000
          9.4522100000     0.0968328000     0.3393620000
          3.6656600000     0.6144180000     0.4509210000
          1.4674600000     0.4037980000     0.2385860000
  1  0  1  3  2
          2.1562300000    -0.2529230000    -0.0177653000
          0.7489970000     0.0328517000     0.2740580000
          0.2831450000     1.0812500000     0.7854210000
  1  0  1  1  2
          0.0998317000     1.0000000000     1.0000000000
#
#BASIS SET
S 6-31G
  4
  1  0  0  6  1
       21917.1000000000     0.0018690000
       3301.4900000000     0.0142300000
        754.1460000000     0.0696960000
        212.7110000000     0.2384870000
         67.9896000000     0.4833070000
         23.0515000000     0.3380740000
  1  0  1  6  2
        423.7350000000    -0.0023767000     0.0040610000
        100.7100000000    -0.0316930000     0.0306810000
         32.1599000000    -0.1133170000     0.1304520000
         11.8079000000     0.0560900000     0.3272050000
          4.6311000000     0.5922550000     0.4528510000
          1.8702500000     0.4550060000     0.2560420000
  1  0  1  3  2
          2.6158400000    -0.2503740000    -0.0145110000
          0.9221670000     0.0669570000     0.3102630000
          0.3412870000     1.0545100000     0.7544830000
  1  0  1  1  2
          0.1171670000     1.0000000000     1.0000000000
#
#BASIS SET
Sc 6-31G
  7
  1  0  0  6  1
       39088.9800000000     0.0018032630
       5869.7920000000     0.0138076900
       1336.9100000000     0.0680039600
        376.6031000000     0.2347099000
        120.4679000000     0.4815690000
         40.9803200000     0.3445652000
  1  0  1  6  2
        786.2852000000     0.0024518630     0.0040395300
        186.8870000000     0.0325957900     0.0312257000
         60.0093500000     0.1238242000     0.1349833000
         22.2588300000    -0.0435989000     0.3424793000
          8.8851490000    -0.6177181000     0.4623113000
          3.6092110000    -0.4432823000     0.2177524000
  1  0  1  6  2
         29.8435500000    -0.0025863020    -0.0060966520
          9.5423830000     0.0718842400    -0.0262888400
          4.0567900000     0.2503260000     0.0509100100
          1.7047030000    -0.2991003000     0.3798097000
          0.7062340000    -0.7446818000     0.5170883000
          0.2795360000    -0.1799776000     0.1829772000
  1  0  1  3  2
          1.0656090000     0.0648297800    -0.2938440000
          0.4259330000     0.3253756000     0.0923532300
          0.0763200000    -1.1708060000     0.9847930000
  1  0  1  1  2
          0.0295940000     1.0000000000     1.0000000000
#
#BASIS SET
Si 6-31G
  4
  1  0  0  6  1
       16115.9000000000     0.0019594800
       2425.5800000000     0.0149288000
        553.8670000000     0.0728478000
        156.3400000000     0.2461300000
         50.0683000000     0.4859140000
         17.0178000000     0.3250020000
  1  0  1  6  2
        292.7180000000    -0.0027809400     0.0044382600
         69.8731000000    -0.0357146000     0.0326679000
         22.3363000000    -0.1149850000     0.1347210000
          8.1503900000     0.0935634000     0.3286780000
          3.1345800000     0.6030170000     0.4496400000
          1.2254300000     0.4189590000     0.2613720000
  1  0  1  3  2
          1.7273800000    -0.2446300000    -0.0177951000
          0.5729220000     0.0043157200     0.2535390000
          0.2221920000     1.0981800000     0.8006690000
  1  0  1  1  2
          0.0778369000     1.0000000000     1.0000000000
#
#BASIS SET
Ti 6-31G
  7
  1  0  0  6  1
       43152.9500000000     0.0017918720
       6479.5710000000     0.0137239200
       1475.6750000000     0.0676283000
        415.6991000000     0.2337642000
        133.0006000000     0.4810696000
         45.2722200000     0.3462280000
  1  0  1  6  2
        874.6826000000     0.0024310080     0.0040176790
        207.9785000000     0.0323302700     0.0311396600
         66.8791800000     0.1242520000     0.1349077000
         24.8734700000    -0.0390390500     0.3431672000
          9.9684410000    -0.6171789000     0.4625760000
          4.0638260000    -0.4473097000     0.2154603000
  1  0  1  6  2
         33.6436300000    -0.0029403580    -0.0063116200
         10.8756500000     0.0716310300    -0.0269763800
          4.6282250000     0.2528915000     0.0531684700
          1.9501260000    -0.2966401000     0.3845549000
          0.8094520000    -0.7432215000     0.5127662000
          0.3204740000    -0.1853520000     0.1811135000
  1  0  1  3  2
          1.2241480000     0.0635146500    -0.2112070000
          0.4842630000     0.3151404000     0.0777199800
          0.0840960000    -1.1625950000     0.9898214000
  1  0  1  1  2
          0.0320360000     1.0000000000     1.0000000000
#
#BASIS SET
V 6-31G
  7
  1  0  0  6  1
       47354.3300000000     0.0017845130
       7110.7870000000     0.0136675400
       1619.5910000000     0.0673612200
        456.3379000000     0.2330552000
        146.0606000000     0.4806316000
         49.7579100000     0.3474802000
  1  0  1  6  2
        968.1484000000     0.0024105990     0.0039950050
        230.2821000000     0.0320724300     0.0310406100
         74.1459100000     0.1245942000     0.1347747000
         27.6410700000    -0.0348217700     0.3437279000
         11.1147500000    -0.6167374000     0.4628759000
          4.5431130000    -0.4509844000     0.2135547000
  1  0  1  6  2
         37.6405000000    -0.0032331990    -0.0064940560
         12.2823800000     0.0713074400    -0.0275345300
          5.2333660000     0.2543820000     0.0551628400
          2.2089500000    -0.2933887000     0.3879672000
          0.9178800000    -0.7415695000     0.5090258000
          0.3634120000    -0.1909410000     0.1803840000
  1  0  1  3  2
          1.3927810000     0.0613970300    -0.1891265000
          0.5439130000     0.3061130000     0.0800545300
          0.0914760000    -1.1548900000     0.9877399000
  1  0  1  1  2
          0.0343120000     1.0000000000     1.0000000000
#
#BASIS SET
Zn 6-31G
  7
  1  0  0  6  1
       82400.9400000000     0.0017433290
       12372.5500000000     0.0133596600
       2818.3510000000     0.0659436500
        794.5717000000     0.2294151000
        254.7232000000     0.4785453000
         87.1388000000     0.3537753000
  1  0  1  6  2
       1732.5690000000     0.0023614590     0.0039631250
        412.7149000000     0.0315017700     0.0311341100
        133.6780000000     0.1272774000     0.1363931000
         50.3858500000    -0.0214592800     0.3501266000
         20.5835800000    -0.6197652000     0.4623179000
          8.5059400000    -0.4590180000     0.2004995000
  1  0  1  6  2
         69.3649200000    -0.0044400980    -0.0076892620
         23.6208200000     0.0750525300    -0.0299798200
         10.1847100000     0.2533111000     0.0708241100
          4.3340820000    -0.2881897000     0.4046141000
          1.8109180000    -0.7267052000     0.4882325000
          0.7148410000    -0.2133439000     0.1751970000
  1  0  1  3  2
          2.8238420000     0.0489854300    -0.1586763000
          1.0395430000     0.2592793000     0.0837932700
          0.1432640000    -1.1157110000     0.9840547000
  1  0  1  1  2
          0.0492960000     1.0000000000     1.0000000000
#
