#BASIS SET
B STO-6G
  2
  1  0  0  6  1
        506.0111472000     0.0091635963
         92.7768142080     0.0493614929
         25.9556581440     0.1685383049
          8.9164451376     0.3705627997
          3.4625066112     0.4164915298
          1.4260543128     0.1303340841
  1  0  1  6  2
         23.1945750000    -0.0132527881     0.0037596966
          4.5908100000    -0.0469917101     0.0376793698
          1.4268195000    -0.0337853715     0.1738967435
          0.5489482500     0.2502417861     0.4180364347
          0.2384100000     0.5951172526     0.4258595477
          0.1092802500     0.2407061763     0.1017082955
#
#BASIS SET
Be STO-6G
  2
  1  0  0  6  1
        312.8704937000     0.0091635963
         57.3644625300     0.0493614929
         16.0485094000     0.1685383049
          5.5130961190     0.3705627997
          2.1408965530     0.4164915298
          0.8817394283     0.1303340841
  1  0  1  6  2
         13.6332474400    -0.0132527881     0.0037596966
          2.6983754640    -0.0469917101     0.0376793698
          0.8386530829    -0.0337853715     0.1738967435
          0.3226600698     0.2502417861     0.4180364347
          0.1401314882     0.5951172526     0.4258595477
          0.0642325139     0.2407061763     0.1017082955
#
#BASIS SET
C STO-6G
  2
  1  0  0  6  1
        742.7370491000     0.0091635963
        136.1800249000     0.0493614929
         38.0982635200     0.1685383049
         13.0877817700     0.3705627997
          5.0823686480     0.4164915298
          2.0932000760     0.1303340841
  1  0  1  6  2
         30.4972395000    -0.0132527881     0.0037596966
          6.0361996010    -0.0469917101     0.0376793698
          1.8760463370    -0.0337853715     0.1738967435
          0.7217826470     0.2502417861     0.4180364347
          0.3134706954     0.5951172526     0.4258595477
          0.1436865550     0.2407061763     0.1017082955
#
#BASIS SET
F STO-6G
  2
  1  0  0  6  1
       1728.6265740000     0.0091635963
        316.9417900000     0.0493614929
         88.6688913900     0.1685383049
         30.4601573100     0.3705627997
         11.8285704400     0.4164915298
          4.8716585220     0.1303340841
  1  0  1  6  2
         67.0322809100    -0.0132527881     0.0037596966
         13.2674377700    -0.0469917101     0.0376793698
          4.1235097710    -0.0337853715     0.1738967435
          1.5864628390     0.2502417861     0.4180364347
          0.6890018920     0.5951172526     0.4258595477
          0.3158199780     0.2407061763     0.1017082955
#
#BASIS SET
H STO-6G
  1
  1  0  0  6  1
         35.5232212200     0.0091635963
          6.5131437250     0.0493614929
          1.8221429040     0.1685383049
          0.6259552660     0.3705627997
          0.2430767470     0.4164915298
          0.1001124280     0.1303340841
#
#BASIS SET
He STO-6G
  1
  1  0  0  6  1
         65.9845682400     0.0091635963
         12.0981983600     0.0493614929
          3.3846399240     0.1685383049
          1.1627151630     0.3705627997
          0.4515163220     0.4164915298
          0.1859593560     0.1303340841
#
#BASIS SET
Li STO-6G
  2
  1  0  0  6  1
        167.1758462000     0.0091635963
         30.6515084000     0.0493614929
          8.5751874770     0.1685383049
          2.9458083370     0.3705627997
          1.1439435810     0.4164915298
          0.4711391391     0.1303340841
  1  0  1  6  2
          6.5975639810    -0.0132527881     0.0037596966
          1.3058300920    -0.0469917101     0.0376793698
          0.4058510193    -0.0337853715     0.1738967435
          0.1561455158     0.2502417861     0.4180364347
          0.0678141039     0.5951172526     0.4258595477
          0.0310841655     0.2407061763     0.1017082955
#
#BASIS SET
Mg STO-6G
  3
  1  0  0  6  1
       2600.7567710000     0.0091635963
        476.8459071000     0.0493614929
        133.4043010000     0.1685383049
         45.8279778800     0.3705627997
         17.7963448700     0.4164915298
          7.3295175960     0.1303340841
  1  0  1  6  2
        124.8424044000    -0.0132527881     0.0037596966
         24.7095699200    -0.0469917101     0.0376793698
          7.6797159130    -0.0337853715     0.1738967435
          2.9546635230     0.2502417861     0.4180364347
          1.2832123820     0.5951172526     0.4258595477
          0.5881901217     0.2407061763     0.1017082955
  1  0  1  6  2
          9.4330060470    -0.0079431264    -0.0071393589
          2.5262437560    -0.0710026417    -0.0182927707
          0.9473682500    -0.1785026925     0.0762162143
          0.4240594435     0.1510635058     0.4145098597
          0.2098454079     0.7354914767     0.4889621471
          0.1081470943     0.2760593123     0.1058816521
#
#BASIS SET
N STO-6G
  2
  1  0  0  6  1
       1027.8284580000     0.0091635963
        188.4512226000     0.0493614929
         52.7218609700     0.1685383049
         18.1113821700     0.3705627997
          7.0331796910     0.4164915298
          2.8966517940     0.1303340841
  1  0  1  6  2
         39.1988078700    -0.0132527881     0.0037596966
          7.7584670710    -0.0469917101     0.0376793698
          2.4113257830    -0.0337853715     0.1738967435
          0.9277239437     0.2502417861     0.4180364347
          0.4029111410     0.5951172526     0.4258595477
          0.1846836552     0.2407061763     0.1017082955
#
#BASIS SET
Na STO-6G
  3
  1  0  0  6  1
       2600.7567710000     0.0091635963
        476.8459071000     0.0493614929
        133.4043010000     0.1685383049
         45.8279778800     0.3705627997
         17.7963448700     0.4164915298
          7.3295175960     0.1303340841
  1  0  1  6  2
        124.8424044000    -0.0132527881     0.0037596966
         24.7095699200    -0.0469917101     0.0376793698
          7.6797159130    -0.0337853715     0.1738967435
          2.9546635230     0.2502417861     0.4180364347
          1.2832123820     0.5951172526     0.4258595477
          0.5881901217     0.2407061763     0.1017082955
  1  0  1  6  2
          9.4330060470    -0.0079431264    -0.0071393589
          2.5262437560    -0.0710026417    -0.0182927707
          0.9473682500    -0.1785026925     0.0762162143
          0.4240594435     0.1510635058     0.4145098597
          0.2098454079     0.7354914767     0.4889621471
          0.1081470943     0.2760593123     0.1058816521
#
#BASIS SET
Ne STO-6G
  2
  1  0  0  6  1
       2146.9554750000     0.0091635963
        393.6419362000     0.0493614929
        110.1268283000     0.1685383049
         37.8315377700     0.3705627997
         14.6910931800     0.4164915298
          6.0506034660     0.1303340841
  1  0  1  6  2
         85.5044291900    -0.0132527881     0.0037596966
         16.9235579900    -0.0469917101     0.0376793698
          5.2598292100    -0.0337853715     0.1738967435
          2.0236458850     0.2502417861     0.4180364347
          0.8788707870     0.5951172526     0.4258595477
          0.4028507850     0.2407061763     0.1017082955
#
#BASIS SET
O STO-6G
  2
  1  0  0  6  1
       1355.5842340000     0.0091635963
        248.5448855000     0.0493614929
         69.5339022900     0.1685383049
         23.8867721100     0.3705627997
          9.2759326090     0.4164915298
          3.8203412980     0.1303340841
  1  0  1  6  2
         52.1877619600    -0.0132527881     0.0037596966
         10.3293200600    -0.0469917101     0.0376793698
          3.2103449770    -0.0337853715     0.1738967435
          1.2351354280     0.2502417861     0.4180364347
          0.5364201580     0.5951172526     0.4258595477
          0.2458806060     0.2407061763     0.1017082955
#
