#BASIS SET
Ag STO-3G
  7
  1  0  0  3  1
       4744.5216340000     0.1543289673
        864.2205383000     0.5353281423
        233.8918045000     0.4446345422
  1  0  1  3  2
        414.9652069000    -0.0999672292     0.1559162750
         96.4289899500     0.3995128261     0.6076837186
         31.3617003500     0.7001154689     0.3919573931
  1  0  1  3  2
         49.4104860500    -0.2277635023     0.0049515111
         15.0717731400     0.2175436044     0.5777664691
          5.8151586340     0.9166769611     0.4846460366
  1  0  1  3  2
          5.2902304500    -0.3306100626    -0.1283927634
          2.0599883160     0.0576109533     0.5852047641
          0.9068119281     1.1557874500     0.5439442040
  1  0  1  3  2
          0.4370804803    -0.3842642607    -0.3481691526
          0.2353408164    -0.1972567438     0.6290323690
          0.1039541771     1.3754955120     0.6662832743
#
#BASIS SET
Al STO-3G
  3
  1  0  0  3  1
        351.4214767000     0.1543289673
         64.0118606700     0.5353281423
         17.3241076100     0.4446345422
  1  0  1  3  2
         18.8993962100    -0.0999672292     0.1559162750
          4.3918132330     0.3995128261     0.6076837186
          1.4283539700     0.7001154689     0.3919573931
  1  0  1  3  2
          1.3954482930    -0.2196203690     0.0105876043
          0.3893265318     0.2255954336     0.5951670053
          0.1523797659     0.9003984260     0.4620010120
#
#BASIS SET
Ar STO-3G
  3
  1  0  0  3  1
        674.4465184000     0.1543289673
        122.8512753000     0.5353281423
         33.2483494500     0.4446345422
  1  0  1  3  2
         45.1642439200    -0.0999672292     0.1559162750
         10.4951990000     0.3995128261     0.6076837186
          3.4133644480     0.7001154689     0.3919573931
  1  0  1  3  2
          2.6213665180    -0.2196203690     0.0105876043
          0.7313546050     0.2255954336     0.5951670053
          0.2862472356     0.9003984260     0.4620010120
#
#BASIS SET
As STO-3G
  5
  1  0  0  3  1
       2337.0656730000     0.1543289673
        425.6994298000     0.5353281423
        115.2108790000     0.4446345422
  1  0  1  3  2
        193.1970535000    -0.0999672292     0.1559162750
         44.8948404000     0.3995128261     0.6076837186
         14.6011954800     0.7001154689     0.3919573931
  1  0  1  3  2
         15.8716358400    -0.2277635023     0.0049515112
          4.8413548190     0.2175436044     0.5777664691
          1.8679451980     0.9166769611     0.4846460366
  1  0  1  3  2
          1.1076814640    -0.3088441215    -0.1215468600
          0.4088041239     0.0196064117     0.5715227604
          0.1805322114     1.1310344420     0.5498949471
#
#BASIS SET
B STO-3G
  2
  1  0  0  3  1
         48.7911130000     0.1543289700
          8.8873622000     0.5353281400
          2.4052670000     0.4446345400
  1  0  1  3  2
          2.2369561000    -0.0999672300     0.1559162700
          0.5198205000     0.3995128300     0.6076837200
          0.1690618000     0.7001154700     0.3919573900
#
#BASIS SET
Be STO-3G
  2
  1  0  0  3  1
         30.1678710000     0.1543289700
          5.4951153000     0.5353281400
          1.4871927000     0.4446345400
  1  0  1  3  2
          1.3148331000    -0.0999672300     0.1559162700
          0.3055389000     0.3995128300     0.6076837200
          0.0993707000     0.7001154700     0.3919573900
#
#BASIS SET
Br STO-3G
  5
  1  0  0  3  1
       2629.9974710000     0.1543289673
        479.0573224000     0.5353281423
        129.6516070000     0.4446345422
  1  0  1  3  2
        219.8350255000    -0.0999672292     0.1559162750
         51.0849322200     0.3995128261     0.6076837186
         16.6144054600     0.7001154689     0.3919573931
  1  0  1  3  2
         19.5017310900    -0.2277635023     0.0049515112
          5.9486495770     0.2175436044     0.5777664691
          2.2951739400     0.9166769611     0.4846460366
  1  0  1  3  2
          1.3960374880    -0.3088441215    -0.1215468600
          0.5152256318     0.0196064117     0.5715227604
          0.2275290713     1.1310344420     0.5498949471
#
#BASIS SET
C STO-3G
  2
  1  0  0  3  1
         71.6168370000     0.1543289700
         13.0450960000     0.5353281400
          3.5305122000     0.4446345400
  1  0  1  3  2
          2.9412494000    -0.0999672300     0.1559162700
          0.6834831000     0.3995128300     0.6076837200
          0.2222899000     0.7001154700     0.3919573900
#
#BASIS SET
Ca STO-3G
  4
  1  0  0  3  1
        854.0324951000     0.1543289673
        155.5630851000     0.5353281423
         42.1014417900     0.4446345422
  1  0  1  3  2
         59.5602994400    -0.0999672292     0.1559162750
         13.8405327000     0.3995128261     0.6076837186
          4.5013707970     0.7001154689     0.3919573931
  1  0  1  3  2
          4.3747062560    -0.2196203690     0.0105876043
          1.2205319410     0.2255954336     0.5951670053
          0.4777079300     0.9003984260     0.4620010120
  1  0  1  3  2
          0.4558489757    -0.3088441215    -0.1215468600
          0.1682369410     0.0196064117     0.5715227604
          0.0742952070     1.1310344420     0.5498949471
#
#BASIS SET
Cd STO-3G
  7
  1  0  0  3  1
       4950.2619050000     0.1543289673
        901.6963856000     0.5353281423
        244.0342313000     0.4446345422
  1  0  1  3  2
        433.4469385000    -0.0999672292     0.1559162750
        100.7237469000     0.3995128261     0.6076837186
         32.7584886100     0.7001154689     0.3919573931
  1  0  1  3  2
         52.5927923500    -0.2277635023     0.0049515111
         16.0424780000     0.2175436044     0.5777664691
          6.1896867440     0.9166769611     0.4846460366
  1  0  1  3  2
          5.6748517960    -0.3306100626    -0.1283927634
          2.2097578750     0.0576109533     0.5852047641
          0.9727408566     1.1557874500     0.5439442040
  1  0  1  3  2
          0.5949150981    -0.3842642607    -0.3481691526
          0.3203250000    -0.1972567438     0.6290323690
          0.1414931855     1.3754955120     0.6662832743
#
#BASIS SET
Cl STO-3G
  3
  1  0  0  3  1
        601.3456136000     0.1543289673
        109.5358542000     0.5353281423
         29.6446768600     0.4446345422
  1  0  1  3  2
         38.9604188900    -0.0999672292     0.1559162750
          9.0535634770     0.3995128261     0.6076837186
          2.9444998340     0.7001154689     0.3919573931
  1  0  1  3  2
          2.1293864950    -0.2196203690     0.0105876043
          0.5940934274     0.2255954336     0.5951670053
          0.2325241410     0.9003984260     0.4620010120
#
#BASIS SET
Co STO-3G
  5
  1  0  0  3  1
       1557.2987040000     0.1543289673
        283.6639029000     0.5353281423
         76.7705223400     0.4446345422
  1  0  1  3  2
        121.8344741000    -0.0999672292     0.1559162750
         28.3117116400     0.3995128261     0.6076837186
          9.2078473210     0.7001154689     0.3919573931
  1  0  1  3  2
          9.4808516780    -0.2277635023     0.0049515112
          2.8919619520     0.2175436044     0.5777664691
          1.1158088270     0.9166769611     0.4846460366
  1  0  1  3  2
          0.5921156814    -0.3088441215    -0.1215468600
          0.2185279254     0.0196064117     0.5715227604
          0.0965042359     1.1310344420     0.5498949471
#
#BASIS SET
Cr STO-3G
  5
  1  0  0  3  1
       1232.3204500000     0.1543289673
        224.4687082000     0.5353281423
         60.7499925100     0.4446345422
  1  0  1  3  2
         92.7746242300    -0.0999672292     0.1559162750
         21.5588274900     0.3995128261     0.6076837186
          7.0115998100     0.7001154689     0.3919573931
  1  0  1  3  2
          6.8994880960    -0.2277635023     0.0049515112
          2.1045637820     0.2175436044     0.5777664691
          0.8120061343     0.9166769611     0.4846460366
  1  0  1  3  2
          0.7547780537    -0.3088441215    -0.1215468600
          0.2785605708     0.0196064117     0.5715227604
          0.1230152851     1.1310344420     0.5498949471
#
#BASIS SET
Cu STO-3G
  5
  1  0  0  3  1
       1801.8067300000     0.1543289673
        328.2013450000     0.5353281423
         88.8240922800     0.4446345422
  1  0  1  3  2
        144.1212184000    -0.0999672292     0.1559162750
         33.4906717300     0.3995128261     0.6076837186
         10.8922058800     0.7001154689     0.3919573931
  1  0  1  3  2
         11.3077540200    -0.2277635023     0.0049515112
          3.4492253970     0.2175436044     0.5777664691
          1.3308183880     0.9166769611     0.4846460366
  1  0  1  3  2
          0.6309328384    -0.3088441215    -0.1215468600
          0.2328538976     0.0196064117     0.5715227604
          0.1028307363     1.1310344420     0.5498949471
#
#BASIS SET
F STO-3G
  2
  1  0  0  3  1
        166.6791300000     0.1543289700
         30.3608120000     0.5353281400
          8.2168207000     0.4446345400
  1  0  1  3  2
          6.4648032000    -0.0999672300     0.1559162700
          1.5022812000     0.3995128300     0.6076837200
          0.4885885000     0.7001154700     0.3919573900
#
#BASIS SET
Fe STO-3G
  5
  1  0  0  3  1
       1447.4004110000     0.1543289673
        263.6457916000     0.5353281423
         71.3528401900     0.4446345422
  1  0  1  3  2
        111.9194891000    -0.0999672292     0.1559162750
         26.0076823600     0.3995128261     0.6076837186
          8.4585054900     0.7001154689     0.3919573931
  1  0  1  3  2
          8.5485697540    -0.2277635023     0.0049515112
          2.6075862500     0.2175436044     0.5777664691
          1.0060878400     0.9166769611     0.4846460366
  1  0  1  3  2
          0.5921156814    -0.3088441215    -0.1215468600
          0.2185279254     0.0196064117     0.5715227604
          0.0965042359     1.1310344420     0.5498949471
#
#BASIS SET
Ga STO-3G
  5
  1  0  0  3  1
       2061.4245320000     0.1543289673
        375.4910517000     0.5353281423
        101.6225324000     0.4446345422
  1  0  1  3  2
        167.7618680000    -0.0999672292     0.1559162750
         38.9842502800     0.3995128261     0.6076837186
         12.6788881300     0.7001154689     0.3919573931
  1  0  1  3  2
         12.6150552000    -0.2277635023     0.0049515112
          3.8479939270     0.2175436044     0.5777664691
          1.4846756840     0.9166769611     0.4846460366
  1  0  1  3  2
          0.7985243736    -0.3088441215    -0.1215468600
          0.2947057141     0.0196064117     0.5715227604
          0.1301451506     1.1310344420     0.5498949471
#
#BASIS SET
Ge STO-3G
  5
  1  0  0  3  1
       2196.3842290000     0.1543289673
        400.0741292000     0.5353281423
        108.2756726000     0.4446345422
  1  0  1  3  2
        180.3890380000    -0.0999672292     0.1559162750
         41.9185330400     0.3995128261     0.6076837186
         13.6332079500     0.7001154689     0.3919573931
  1  0  1  3  2
         14.1966561900    -0.2277635023     0.0049515112
          4.3304326400     0.2175436044     0.5777664691
          1.6708155380     0.9166769611     0.4846460366
  1  0  1  3  2
          0.9858325600    -0.3088441215    -0.1215468600
          0.3638342150     0.0196064117     0.5715227604
          0.1606730254     1.1310344420     0.5498949471
#
#BASIS SET
H STO-3G
  1
  1  0  0  3  1
          3.4252509100     0.1543289700
          0.6239137300     0.5353281400
          0.1688554000     0.4446345400
#
#BASIS SET
He STO-3G
  1
  1  0  0  3  1
          6.3624213900     0.1543289700
          1.1589230000     0.5353281400
          0.3136497900     0.4446345400
#
#BASIS SET
I STO-3G
  7
  1  0  0  3  1
       6035.1836230000     0.1543289673
       1099.3162310000     0.5353281423
        297.5178737000     0.4446345422
  1  0  1  3  2
        533.7366418000    -0.0999672292     0.1559162750
        124.0289171000     0.3995128261     0.6076837186
         40.3380532800     0.7001154689     0.3919573931
  1  0  1  3  2
         69.5427054500    -0.2277635023     0.0049515112
         21.2127417500     0.2175436044     0.5777664691
          8.1845352340     0.9166769611     0.4846460366
  1  0  1  3  2
          7.2959911960    -0.3306100626    -0.1283927634
          2.8410211540     0.0576109534     0.5852047641
          1.2506245060     1.1155787450     0.5439442040
  1  0  1  3  2
          0.7900364582    -0.3842642607    -0.3481691526
          0.4253857892    -0.1972567438     0.6290323690
          0.1879003836     1.3754955120     0.6662832743
#
#BASIS SET
In STO-3G
  7
  1  0  0  3  1
       5158.2247140000     0.1543289673
        939.5770707000     0.5353281423
        254.2862231000     0.4446345422
  1  0  1  3  2
        452.3313223000    -0.0999672292     0.1559162750
        105.1120716000     0.3995128261     0.6076837186
         34.1857079900     0.7001154689     0.3919573931
  1  0  1  3  2
         55.9753976900    -0.2277635023     0.0049515112
         17.0742804400     0.2175436044     0.5777664691
          6.5877882040     0.9166769611     0.4846460366
  1  0  1  3  2
          5.0485491800    -0.3306100626    -0.1283927634
          1.9658788820     0.0576109534     0.5852047641
          0.8653847237     1.1155787450     0.5439442040
  1  0  1  3  2
          0.5669230612    -0.3842642607    -0.3481691526
          0.3052530187    -0.1972567438     0.6290323690
          0.1348356264     1.3754955120     0.6662832743
#
#BASIS SET
K STO-3G
  4
  1  0  0  3  1
        771.5103681000     0.1543289673
        140.5315766000     0.5353281423
         38.0333289900     0.4446345422
  1  0  1  3  2
         52.4020397900    -0.0999672292     0.1559162750
         12.1771071000     0.3995128261     0.6076837186
          3.9603731650     0.7001154689     0.3919573931
  1  0  1  3  2
          3.6515839850    -0.2196203690     0.0105876043
          1.0187826630     0.2255954336     0.5951670053
          0.3987446295     0.9003984260     0.4620010120
  1  0  1  3  2
          0.5039822505    -0.3088441215    -0.1215468600
          0.1860011465     0.0196064117     0.5715227604
          0.0821400674     1.1310344420     0.5498949471
#
#BASIS SET
Kr STO-3G
  5
  1  0  0  3  1
       2782.1600550000     0.1543289673
        506.7739270000     0.5353281423
        137.1528019000     0.4446345422
  1  0  1  3  2
        233.9514118000    -0.0999672292     0.1559162750
         54.3652768100     0.3995128261     0.6076837186
         17.6812753300     0.7001154689     0.3919573931
  1  0  1  3  2
         21.4568467100    -0.2277635023     0.0049515112
          6.5450221560     0.2175436044     0.5777664691
          2.5252730210     0.9166769611     0.4846460366
  1  0  1  3  2
          1.5900493360    -0.3088441215    -0.1215468600
          0.5868282053     0.0196064117     0.5715227604
          0.2591495227     1.1310344420     0.5498949471
#
#BASIS SET
Li STO-3G
  2
  1  0  0  3  1
         16.1195750000     0.1543289700
          2.9362007000     0.5353281400
          0.7946505000     0.4446345400
  1  0  1  3  2
          0.6362897000    -0.0999672300     0.1559162700
          0.1478601000     0.3995128300     0.6076837200
          0.0480887000     0.7001154700     0.3919573900
#
#BASIS SET
Mg STO-3G
  3
  1  0  0  3  1
        299.2374000000     0.1543289673
         54.5064700000     0.5353281423
         14.7515800000     0.4446345422
  1  0  1  3  2
         15.1218200000    -0.0999672292     0.1559162750
          3.5139870000     0.3995128261     0.6076837186
          1.1428570000     0.7001154689     0.3919573931
  1  0  1  3  2
          1.3954480000    -0.2196203690     0.0105876043
          0.3893260000     0.2255954336     0.5951670053
          0.1523800000     0.9003984260     0.4620010120
#
#BASIS SET
Mn STO-3G
  5
  1  0  0  3  1
       1337.1532660000     0.1543289673
        243.5641365000     0.5353281423
         65.9179606200     0.4446345422
  1  0  1  3  2
        102.0220021000    -0.0999672292     0.1559162750
         23.7077192300     0.3995128261     0.6076837186
          7.7104860980     0.7001154689     0.3919573931
  1  0  1  3  2
          7.7019609220    -0.2277635023     0.0049515112
          2.3493435720     0.2175436044     0.5777664691
          0.9064497870     0.9166769611     0.4846460366
  1  0  1  3  2
          0.6709822860    -0.3088441215    -0.1215468600
          0.2476346630     0.0196064117     0.5715227604
          0.1093580780     1.1310344420     0.5498949471
#
#BASIS SET
Mo STO-3G
  7
  1  0  0  3  1
       3788.6661150000     0.1543289673
        690.1102623000     0.5353281423
        186.7707691000     0.4446345422
  1  0  1  3  2
        326.4309567000    -0.0999672292     0.1559162750
         75.8555342000     0.3995128261     0.6076837186
         24.6705740100     0.7001154689     0.3919573931
  1  0  1  3  2
         35.4694812900    -0.2277635023     0.0049515111
         10.8193223400     0.2175436044     0.5777664691
          4.1744309120     0.9166769611     0.4846460366
  1  0  1  3  2
          3.4968951880    -0.3306100626    -0.1283927634
          1.3616728610     0.0576109533     0.5852047641
          0.5994117456     1.1557874500     0.5439442040
  1  0  1  3  2
          0.5129625081    -0.3842642607    -0.3481691526
          0.2761985970    -0.1972567438     0.6290323690
          0.1220017773     1.3754955120     0.6662832743
#
#BASIS SET
N STO-3G
  2
  1  0  0  3  1
         99.1061690000     0.1543289700
         18.0523120000     0.5353281400
          4.8856602000     0.4446345400
  1  0  1  3  2
          3.7804559000    -0.0999672300     0.1559162700
          0.8784966000     0.3995128300     0.6076837200
          0.2857144000     0.7001154700     0.3919573900
#
#BASIS SET
Na STO-3G
  3
  1  0  0  3  1
        250.7724300000     0.1543289673
         45.6785110000     0.5353281423
         12.3623880000     0.4446345422
  1  0  1  3  2
         12.0401930000    -0.0999672292     0.1559162750
          2.7978819000     0.3995128261     0.6076837186
          0.9099580000     0.7001154689     0.3919573931
  1  0  1  3  2
          1.4787406000    -0.2196203690     0.0105876043
          0.4125649000     0.2255954336     0.5951670053
          0.1614751000     0.9003984260     0.4620010120
#
#BASIS SET
Nb STO-3G
  7
  1  0  0  3  1
       3610.7428640000     0.1543289673
        657.7013201000     0.5353281423
        177.9996445000     0.4446345422
  1  0  1  3  2
        310.0675728000    -0.0999672292     0.1559162750
         72.0530356900     0.3995128261     0.6076837186
         23.4338834800     0.7001154689     0.3919573931
  1  0  1  3  2
         33.0199785800    -0.2277635023     0.0049515111
         10.0721459400     0.2175436044     0.5777664691
          3.8861470280     0.9166769611     0.4846460366
  1  0  1  3  2
          3.1447984300    -0.3306100626    -0.1283927634
          1.2245682080     0.0576109533     0.5852047641
          0.5390579399     1.1557874500     0.5439442040
  1  0  1  3  2
          0.4869939919    -0.3842642607    -0.3481691526
          0.2622161565    -0.1972567438     0.6290323690
          0.1158254875     1.3754955120     0.6662832743
#
#BASIS SET
Ne STO-3G
  2
  1  0  0  3  1
        207.0156100000     0.1543289700
         37.7081510000     0.5353281400
         10.2052970000     0.4446345400
  1  0  1  3  2
          8.2463151000    -0.0999672300     0.1559162700
          1.9162662000     0.3995128300     0.6076837200
          0.6232293000     0.7001154700     0.3919573900
#
#BASIS SET
Ni STO-3G
  5
  1  0  0  3  1
       1679.7710280000     0.1543289673
        305.9723896000     0.5353281423
         82.8080694300     0.4446345422
  1  0  1  3  2
        132.8588899000    -0.0999672292     0.1559162750
         30.8735487800     0.3995128261     0.6076837186
         10.0410362700     0.7001154689     0.3919573931
  1  0  1  3  2
         10.3307433500    -0.2277635023     0.0049515112
          3.1512060030     0.2175436044     0.5777664691
          1.2158332410     0.9166769611     0.4846460366
  1  0  1  3  2
          0.6309328384    -0.3088441215    -0.1215468600
          0.2328538976     0.0196064117     0.5715227604
          0.1028307363     1.1310344420     0.5498949471
#
#BASIS SET
O STO-3G
  2
  1  0  0  3  1
        130.7093200000     0.1543289700
         23.8088610000     0.5353281400
          6.4436083000     0.4446345400
  1  0  1  3  2
          5.0331513000    -0.0999672300     0.1559162700
          1.1695961000     0.3995128300     0.6076837200
          0.3803890000     0.7001154700     0.3919573900
#
#BASIS SET
P STO-3G
  3
  1  0  0  3  1
        468.3656378000     0.1543289673
         85.3133855900     0.5353281423
         23.0891315600     0.4446345422
  1  0  1  3  2
         28.0326395800    -0.0999672292     0.1559162750
          6.5141825770     0.3995128261     0.6076837186
          2.1186143520     0.7001154689     0.3919573931
  1  0  1  3  2
          1.7431032310    -0.2196203690     0.0105876043
          0.4863213771     0.2255954336     0.5951670053
          0.1903428909     0.9003984260     0.4620010120
#
#BASIS SET
Pd STO-3G
  7
  1  0  0  3  1
       4545.1602690000     0.1543289673
        827.9066168000     0.5353281423
        224.0638402000     0.4446345422
  1  0  1  3  2
        396.4889433000    -0.0999672292     0.1559162750
         92.1355036500     0.3995128261     0.6076837186
         29.9653253500     0.7001154689     0.3919573931
  1  0  1  3  2
         46.4194509700    -0.2277635023     0.0049515111
         14.1594121100     0.2175436044     0.5777664691
          5.4631413830     0.9166769611     0.4846460366
  1  0  1  3  2
          4.9191045890    -0.3306100626    -0.1283927634
          1.9154738300     0.0576109533     0.5852047641
          0.8431962954     1.1557874500     0.5439442040
  1  0  1  3  2
          0.4370804803    -0.3842642607    -0.3481691526
          0.2353408164    -0.1972567438     0.6290323690
          0.1039541771     1.3754955120     0.6662832743
#
#BASIS SET
Rb STO-3G
  6
  1  0  0  3  1
       2938.6015290000     0.1543289673
        535.2699370000     0.5353281423
        144.8649340000     0.4446345422
  1  0  1  3  2
        248.5070370000    -0.0999672292     0.1559162750
         57.7476910000     0.3995128261     0.6076837186
         18.7813410000     0.7001154689     0.3919573931
  1  0  1  3  2
         23.5053409700    -0.2277635023     0.0049515111
          7.1698782010     0.2175436044     0.5777664691
          2.7663619090     0.9166769611     0.4846460366
  1  0  1  3  2
          2.2477968200    -0.3088441215    -0.1215468600
          0.8295783930     0.0196064117     0.5715227604
          0.3663505650     1.1310344420     0.5498949471
  1  0  1  3  2
          0.4869939919    -0.3842642607    -0.3481691526
          0.2622161565    -0.1972567438     0.6290323690
          0.1158254875     1.3754955120     0.6662832743
#
#BASIS SET
Rh STO-3G
  7
  1  0  0  3  1
       4350.0777940000     0.1543289673
        792.3721005000     0.5353281423
        214.4468133000     0.4446345422
  1  0  1  3  2
        378.4334264000    -0.0999672292     0.1559162750
         87.9397898100     0.3995128261     0.6076837186
         28.6007489900     0.7001154689     0.3919573931
  1  0  1  3  2
         43.5217945500    -0.2277635023     0.0049515111
         13.2755345400     0.2175436044     0.5777664691
          5.1221139390     0.9166769611     0.4846460366
  1  0  1  3  2
          4.5408574080    -0.3306100626    -0.1283927634
          1.7681863380     0.0576109533     0.5852047641
          0.7783599789     1.1557874500     0.5439442040
  1  0  1  3  2
          0.4131354848    -0.3842642607    -0.3481691526
          0.2224479167    -0.1972567438     0.6290323690
          0.0982591566     1.3754955120     0.6662832743
#
#BASIS SET
Ru STO-3G
  7
  1  0  0  3  1
       4159.2742100000     0.1543289673
        757.6169894000     0.5353281423
        205.0407239000     0.4446345422
  1  0  1  3  2
        360.7986561000    -0.0999672292     0.1559162750
         83.8418484300     0.3995128261     0.6076837186
         27.2679712700     0.7001154689     0.3919573931
  1  0  1  3  2
         40.7175167800    -0.2277635023     0.0049515111
         12.4201404400     0.2175436044     0.5777664691
          4.7920763020     0.9166769611     0.4846460366
  1  0  1  3  2
          4.1975163710    -0.3306100626    -0.1283927634
          1.6344911180     0.0576109533     0.5852047641
          0.7195070139     1.1557874500     0.5439442040
  1  0  1  3  2
          0.4131354848    -0.3842642607    -0.3481691526
          0.2224479167    -0.1972567438     0.6290323690
          0.0982591566     1.3754955120     0.6662832743
#
#BASIS SET
S STO-3G
  3
  1  0  0  3  1
        533.1257359000     0.1543289673
         97.1095183000     0.5353281423
         26.2816254200     0.4446345422
  1  0  1  3  2
         33.3297517300    -0.0999672292     0.1559162750
          7.7451175210     0.3995128261     0.6076837186
          2.5189525990     0.7001154689     0.3919573931
  1  0  1  3  2
          2.0291942740    -0.2196203690     0.0105876043
          0.5661400518     0.2255954336     0.5951670053
          0.2215833792     0.9003984260     0.4620010120
#
#BASIS SET
Sb STO-3G
  7
  1  0  0  3  1
       5586.9870020000     0.1543289673
       1017.6766570000     0.5353281423
        275.4230189000     0.4446345422
  1  0  1  3  2
        492.1924888000    -0.0999672292     0.1559162750
        114.3749494000     0.3995128261     0.6076837186
         37.1982833600     0.7001154689     0.3919573931
  1  0  1  3  2
         62.5217977500    -0.2277635023     0.0049515112
         19.0711411200     0.2175436044     0.5777664691
          7.3582391310     0.9166769611     0.4846460366
  1  0  1  3  2
          6.1206931490    -0.3306100626    -0.1283927634
          2.3833661870     0.0576109534     0.5852047641
          1.0491636630     1.1155787450     0.5439442040
  1  0  1  3  2
          0.6529226928    -0.3842642607    -0.3481691526
          0.3515585034    -0.1972567438     0.6290323690
          0.1552895732     1.3754955120     0.6662832743
#
#BASIS SET
Sc STO-3G
  5
  1  0  0  3  1
        941.6624250000     0.1543289673
        171.5249862000     0.5353281423
         46.4213551600     0.4446345422
  1  0  1  3  2
         67.1766877100    -0.0999672292     0.1559162750
         15.6104175400     0.3995128261     0.6076837186
          5.0769922780     0.7001154689     0.3919573931
  1  0  1  3  2
          4.6981592310    -0.2277635023     0.0049515112
          1.4330883130     0.2175436044     0.5777664691
          0.5529300240     0.9166769611     0.4846460366
  1  0  1  3  2
          0.6309328384    -0.3088441215    -0.1215468600
          0.2328538976     0.0196064117     0.5715227604
          0.1028307363     1.1310344420     0.5498949471
#
#BASIS SET
Se STO-3G
  5
  1  0  0  3  1
       2480.6268140000     0.1543289673
        451.8492708000     0.5353281423
        122.2880464000     0.4446345422
  1  0  1  3  2
        206.1578780000    -0.0999672292     0.1559162750
         47.9066572700     0.3995128261     0.6076837186
         15.5807318000     0.7001154689     0.3919573931
  1  0  1  3  2
         17.6399941400    -0.2277635023     0.0049515112
          5.3807604650     0.2175436044     0.5777664691
          2.0760646660     0.9166769611     0.4846460366
  1  0  1  3  2
          1.2146442970    -0.3088441215    -0.1215468600
          0.4482801363     0.0196064117     0.5715227604
          0.1979652346     1.1310344420     0.5498949471
#
#BASIS SET
Si STO-3G
  3
  1  0  0  3  1
        407.7975514000     0.1543289673
         74.2808330500     0.5353281423
         20.1032922900     0.4446345422
  1  0  1  3  2
         23.1936560600    -0.0999672292     0.1559162750
          5.3897068710     0.3995128261     0.6076837186
          1.7528999520     0.7001154689     0.3919573931
  1  0  1  3  2
          1.4787406220    -0.2196203690     0.0105876043
          0.4125648801     0.2255954336     0.5951670053
          0.1614750979     0.9003984260     0.4620010120
#
#BASIS SET
Sn STO-3G
  7
  1  0  0  3  1
       5370.4664130000     0.1543289673
        978.2371611000     0.5353281423
        264.7491522000     0.4446345422
  1  0  1  3  2
        472.0515322000    -0.0999672292     0.1559162750
        109.6946243000     0.3995128261     0.6076837186
         35.6760963600     0.7001154689     0.3919573931
  1  0  1  3  2
         59.1514118800    -0.2277635023     0.0049515112
         18.0430660000     0.2175436044     0.5777664691
          6.9615757900     0.9166769611     0.4846460366
  1  0  1  3  2
          5.5831385290    -0.3306100626    -0.1283927634
          2.1740452040     0.0576109534     0.5852047641
          0.9570200509     1.1155787450     0.5439442040
  1  0  1  3  2
          0.6235816420    -0.3842642607    -0.3481691526
          0.3357601616    -0.1972567438     0.6290323690
          0.1483111678     1.3754955120     0.6662832743
#
#BASIS SET
Sr STO-3G
  6
  1  0  0  3  1
       3100.9839510000     0.1543289673
        564.8480978000     0.5353281423
        152.8699389000     0.4446345422
  1  0  1  3  2
        263.5019007000    -0.0999672292     0.1559162750
         61.2321749300     0.3995128261     0.6076837186
         19.9146037200     0.7001154689     0.3919573931
  1  0  1  3  2
         25.5788669200    -0.2277635023     0.0049515111
          7.8023697070     0.2175436044     0.5777664691
          3.0103967940     0.9166769611     0.4846460366
  1  0  1  3  2
          2.4610324030    -0.3088441215    -0.1215468600
          0.9082757340     0.0196064117     0.5715227604
          0.4011041400     1.1310344420     0.5498949471
  1  0  1  3  2
          0.4370804803    -0.3842642607    -0.3481691526
          0.2353408164    -0.1972567438     0.6290323690
          0.1039541771     1.3754955120     0.6662832743
#
#BASIS SET
Tc STO-3G
  7
  1  0  0  3  1
       3970.8682570000     0.1543289673
        723.2986098000     0.5353281423
        195.7528311000     0.4446345422
  1  0  1  3  2
        343.5846323000    -0.0999672292     0.1559162750
         79.8416795200     0.3995128261     0.6076837186
         25.9669921900     0.7001154689     0.3919573931
  1  0  1  3  2
         38.0899198300    -0.2277635023     0.0049515111
         11.6186396200     0.2175436044     0.5777664691
          4.4828323670     0.9166769611     0.4846460366
  1  0  1  3  2
          3.8297527080    -0.3306100626    -0.1283927634
          1.4912858540     0.0576109533     0.5852047641
          0.6564677040     1.1557874500     0.5439442040
  1  0  1  3  2
          0.4616999826    -0.3842642607    -0.3481691526
          0.2485968963    -0.1972567438     0.6290323690
          0.1098096207     1.3754955120     0.6662832743
#
#BASIS SET
Te STO-3G
  7
  1  0  0  3  1
       5810.0615910000     0.1543289673
       1058.3099720000     0.5353281423
        286.4199797000     0.4446345422
  1  0  1  3  2
        512.7541920000    -0.0999672292     0.1559162750
        119.1530471000     0.3995128261     0.6076837186
         38.7522690000     0.7001154689     0.3919573931
  1  0  1  3  2
         65.9855622700    -0.2277635023     0.0049515112
         20.1276997000     0.2175436044     0.5777664691
          7.7658922790     0.9166769611     0.4846460366
  1  0  1  3  2
          6.7079569210    -0.3306100626    -0.1283927634
          2.6120436550     0.0576109534     0.5852047641
          1.1498280480     1.1155787450     0.5439442040
  1  0  1  3  2
          0.7012713483    -0.3842642607    -0.3481691526
          0.3775912653    -0.1972567438     0.6290323690
          0.1667887020     1.3754955120     0.6662832743
#
#BASIS SET
Ti STO-3G
  5
  1  0  0  3  1
       1033.5712450000     0.1543289673
        188.2662926000     0.5353281423
         50.9522060100     0.4446345422
  1  0  1  3  2
         75.2512046000    -0.0999672292     0.1559162750
         17.4867616200     0.3995128261     0.6076837186
          5.6872376060     0.7001154689     0.3919573931
  1  0  1  3  2
          5.3955354740    -0.2277635023     0.0049515112
          1.6458102960     0.2175436044     0.5777664691
          0.6350047770     0.9166769611     0.4846460366
  1  0  1  3  2
          0.7122640246    -0.3088441215    -0.1215468600
          0.2628702203     0.0196064117     0.5715227604
          0.1160862609     1.1310344420     0.5498949471
#
#BASIS SET
V STO-3G
  5
  1  0  0  3  1
       1130.7625170000     0.1543289673
        205.9698041000     0.5353281423
         55.7434671100     0.4446345422
  1  0  1  3  2
         83.7838501100    -0.0999672292     0.1559162750
         19.4695649300     0.3995128261     0.6076837186
          6.3321067840     0.7001154689     0.3919573931
  1  0  1  3  2
          6.1411512760    -0.2277635023     0.0049515112
          1.8732468810     0.2175436044     0.5777664691
          0.7227568825     0.9166769611     0.4846460366
  1  0  1  3  2
          0.7122640246    -0.3088441215    -0.1215468600
          0.2628702203     0.0196064117     0.5715227604
          0.1160862609     1.1310344420     0.5498949471
#
#BASIS SET
Y STO-3G
  7
  1  0  0  3  1
       3266.0268690000     0.1543289673
        594.9108710000     0.5353281423
        161.0060990000     0.4446345422
  1  0  1  3  2
        277.9377240000    -0.0999672292     0.1559162750
         64.5867500000     0.3995128261     0.6076837186
         21.0056160000     0.7001154689     0.3919573931
  1  0  1  3  2
         30.6713260000    -0.2277635023     0.0049515111
          8.5572220000     0.2175436044     0.5777664691
          3.3492390000     0.9166769611     0.4846460366
  1  0  1  3  2
          2.6676880000    -0.3306100626    -0.1283927634
          0.9845440000     0.0576109533     0.5852047641
          0.4347850000     1.1557874500     0.5439442040
  1  0  1  3  2
          0.2074240000    -0.3842642607    -0.3481691526
          0.1116850000    -0.1972567438     0.6290323690
          0.0493330000     1.3754955120     0.6662832743
#
#BASIS SET
Zn STO-3G
  5
  1  0  0  3  1
       1929.4323010000     0.1543289673
        351.4485021000     0.5353281423
         95.1156802100     0.4446345422
  1  0  1  3  2
        155.8416755000    -0.0999672292     0.1559162750
         36.2142539100     0.3995128261     0.6076837186
         11.7779993400     0.7001154689     0.3919573931
  1  0  1  3  2
         12.2815274400    -0.2277635023     0.0049515112
          3.7462573270     0.2175436044     0.5777664691
          1.4454225410     0.9166769611     0.4846460366
  1  0  1  3  2
          0.8897138854    -0.3088441215    -0.1215468600
          0.3283603790     0.0196064117     0.5715227604
          0.1450074055     1.1310344420     0.5498949471
#
#BASIS SET
Zr STO-3G
  7
  1  0  0  3  1
       3435.3486770000     0.1543289673
        625.7530498000     0.5353281423
        169.3531958000     0.4446345422
  1  0  1  3  2
        293.7830292000    -0.0999672292     0.1559162750
         68.2688579700     0.3995128261     0.6076837186
         22.2031514400     0.7001154689     0.3919573931
  1  0  1  3  2
         30.7329310300    -0.2277635023     0.0049515111
          9.3745235380     0.2175436044     0.5777664691
          3.6169826180     0.9166769611     0.4846460366
  1  0  1  3  2
          2.8276078150    -0.3306100626    -0.1283927634
          1.1010558270     0.0576109533     0.5852047641
          0.4846874856     1.1557874500     0.5439442040
  1  0  1  3  2
          0.8878301887    -0.3842642607    -0.3481691526
          0.3457164736    -0.1972567438     0.6290323690
          0.1521852428     1.3754955120     0.6662832743
#
